"V1" "V2" "V3" "V4" "V5" "V6"
"1" 128.511386962275 25.8071210435273 5.19796765960988 81.8662423085249 80.6974748123481 1
"2" 161.97218069586 20.9619035084604 2.61220547494389 25.224517899047 36.0071585859803 2
"3" 132.683489586093 57.1019625366271 3.64018560274945 28.4163938470697 1 3
"4" 172.123381458933 20.0090729860264 1.42410861223354 41.3478674982973 1 5
"5" 122.429113574085 33.3669378159789 14.0615332047166 11.5191089687353 100.830801232293 6
"6" 175.003420108239 13.2796157408697 1.0821692171116 33.9936709642891 1 7
"7" 147.009785526044 27.3571100898801 3.46297401812889 68.4544229137501 1 9
"8" 140.090712939513 14.8848542639867 3.39790811238199 1 51.7930745276079 10
"9" 147.24631906217 36.6733154969869 3.36085955179324 47.3325611019937 1 12
"10" 155.730966534799 4.56109680894964 2.15654297811463 24.9702353663964 7.60331181168336 13
"11" 127.726326322001 42.997757391671 8.23804189389551 36.0439737372989 117.472121850207 14
"12" 114.229036987657 100 10.0271126712223 1 120.076614179091 15
"13" 120.085519637743 45.2694536398304 4.21413406618791 295.149260778214 36.9243284993183 17
"14" 154.17010584541 27.0741579905476 3.12945152620579 54.0709156497644 1 18
"15" 141.703947290504 19.5379811779975 3.20246372812014 9.58914414912484 25.289437959224 19
"16" 168.655033641907 15.7745502150977 2.4377586063981 28.1007665286172 12.8413515457009 20
"17" 175.123388490041 18.8104060320218 1.47978716458049 17.2298691948016 4.93308567505148 23
"18" 121.864705691491 40.3895373292911 3.72832371500879 88.3082084914866 8.62218742085407 24
"19" 165.234212889569 10.7356943658272 3.42917451674371 11.2662498896449 67.5519388801318 25
"20" 141.713313569964 33.9210929373768 4.44920652754666 24.8991093761486 56.6152068741563 26
"21" 152.600180707952 6.894021772486 4.96724126368009 30.8533907243709 40.1534965895142 27
"22" 128.324484658879 47.957035261676 5.89203499787708 86.3457133738705 1 30
"23" 143.647114389609 24.9997347206765 4.71762742002759 17.2666221349741 20.7948100485577 33
"24" 151.952800722053 11.4460246575895 2.15680201887023 59.3713610418606 1 35
"25" 134.078536123805 39.1569902523584 5.70116786437706 102.042491529908 1 36
"26" 141.639370751012 32.2843321585146 7.28359520002039 23.2170962934785 20.2147181496572 38
"27" 166.830569827078 12.7949906632944 0.684962389370918 69.8664376832891 1 40
"28" 141.020949199549 45.070969824611 3.33870401667569 21.9783406279636 74.2827055775293 42
"29" 172.781356055092 19.6654240486103 2.34837614283654 35.630978996248 5.73075465666105 43
"30" 135.000881063732 37.7467512832989 4.03475918711192 113.516094830347 1 44
"31" 176.889951094334 7.64243378372216 2.26283586471073 15.8548714937318 26.7006363975984 45
"32" 164.94005347804 20.2383148669822 2.65813788839312 14.9232272431245 20.7895782089356 47
"33" 147.888602160693 31.0544861285511 6.22878657257646 6.05618655573967 35.7977055008578 48
"34" 145.219342728452 25.688723422555 2.96954921830155 12.9422130969699 81.5737292981918 49
"35" 118.279747086261 18.5191655218739 20.7728430388619 23.3145198311344 141.860497379994 50
"36" 132.353056391863 23.0295888729109 4.61693830619276 60.8162703008415 40.8300479077271 51
"37" 165.612679404593 19.5006179987005 1.55090244495156 15.1647045356281 51.0797231562332 52
"38" 146.171120641888 20.0559336630332 3.73584153727022 60.6454364653543 49.8871744106314 53
"39" 106.235070436288 77.180258813609 8.60827393186916 109.433602340207 136.394872982726 54
"40" 186.865123568988 17.0868627874067 1.10464689960027 18.2272038956469 5.58459696025903 56
"41" 152.681348896337 25.7029772888741 3.42696726367688 33.2638720008238 20.2901211273452 57
"42" 143.523424931509 43.7889658649101 4.03432225668676 28.0498439969039 35.5701928060213 58
"43" 142.307110617563 21.9323870494303 2.05398524105135 31.1603909073288 106.201149133944 59
"44" 119.366008474999 55.8877079473822 9.60475839706822 38.16057835512 78.7527365200148 60
"45" 170.94077954223 8.35915961459216 1.1083588225515 15.8700021310726 9.22517187593976 61
"46" 136.828066358306 36.6343910948798 5.25636904474223 133.974555959089 2.88637307777791 62
"47" 167.619001531041 11.1053068198967 1.70770951850426 32.7528376235254 12.4503566847044 63
"48" 83.7987161986582 100 14.4115797505063 35.6682199035629 6.78615246593091 64
"49" 146.544911201642 23.4918601502733 3.99144300102552 31.4240197828958 93.2004956765352 67
"50" 150.183484604779 19.3497459053075 2.78470099085141 68.7395936821285 27.6245486202534 68
"51" 89.3484141414171 100 3.57304888050749 25.947086032294 1 69
"52" 169.659249098924 10.69687375402 2.42793152693005 17.8734713205938 1 70
"53" 174.770607877549 13.1841922842982 2.13706141763635 27.6420575725195 1 71
"54" 165.26892459562 3.75722064359037 4.39131141623803 3.4307422232917 62.3470620776801 72
"55" 158.660610047158 17.5361915918468 1.70571480841026 26.5236112888209 22.2978651043238 75
"56" 97.6858889677422 74.4064121871711 7.8580028245906 124.513467111256 86.8768289980993 77
"57" 130.482648918443 31.2692022726649 7.67537122051311 46.9894848224833 27.4287060144394 79
"58" 166.105522999206 8.05656271978209 1.47189262724396 36.2026313303748 54.5177787265101 81
"59" 144.490820165958 28.2218393683048 5.60289435188305 30.1444451886197 33.3170468241702 84
"60" 159.716841927245 20.481116055287 2.2337281803137 64.9154700776594 1 85
"61" 146.929621478656 19.0864520921881 2.71477850816059 57.028013133825 36.2494293708933 86
"62" 151.184453804457 12.3898995650104 0.907271015304737 48.0678418104632 9.71618367286526 87
"63" 115.409275664563 37.8749145674855 4.6133060012334 58.4641211072559 111.344849068512 88
"64" 122.684779989858 70.5273208686414 6.9261305669945 145.807161092675 1 89
"65" 117.535130117884 53.2142389445427 6.92304799764369 100.632794273638 104.381254085853 92
"66" 150.823714712382 20.5924313298333 4.63686381816973 7.78209865525833 71.5639264524414 93
"67" 134.106454110705 100 2.79389043365264 33.1226636259059 1 94
"68" 108.030245266318 39.7216386629004 8.68101446039615 98.2090687369491 27.4878853371971 95
"69" 114.117072801053 47.2528113513306 12.6939451701414 23.9997212551906 42.7134393810903 97
"70" 166.088523297816 15.749420384638 3.08149162452623 12.4986970133761 16.7550701344437 98
"71" 132.658247771313 34.2977172764418 6.10122800606217 103.557589835675 1.58569223791525 99
"72" 142.114532752875 21.6424975763675 2.37954964442708 77.4484513149677 6.12745101165917 100
"73" 147.320217786957 17.1256253381296 4.31075561957385 56.5634828162162 30.7355969170466 101
"74" 109.337458251312 62.0981088312998 6.65801747387094 56.9290159866965 108.991422007561 102
"75" 116.316911576951 23.6127021462538 3.20805081293725 127.10979856501 33.1221144101497 103
"76" 125.441124656866 54.3995371548089 4.22216027754098 8.20400684252885 119.372000256303 104
"77" 137.954014510339 22.104359927025 3.15474207516825 69.895292461463 16.3516062352756 105
"78" 183.487269681155 9.55181323459427 1.89864884848671 10.2254027435193 1 107
"79" 123.095021223079 31.1251698840326 6.56922358857548 63.9551175599003 31.2821587632508 108
"80" 190.994943407051 6.20972817042694 1.15399087344946 30.5991744277368 7.49604089591326 109
"81" 140.487116618471 23.1900063517787 3.94649825283309 14.9710851090253 24.1941321099156 111
"82" 107.332449410998 34.981374419365 3.66723735224501 98.0011949291443 13.5038604540798 113
"83" 146.79100282443 20.3512752200957 5.33528520648306 31.0319053819845 14.4220136648028 114
"84" 147.203889939067 14.7828556028945 1.5467390368389 5.40278342303404 6.0072434404368 115
"85" 157.913801978845 14.7157881615981 3.66281280435335 19.0936118884254 29.6894215940681 116
"86" 107.423588997367 21.542285523768 5.13130414951659 175.368673207246 29.1587211514117 117
"87" 154.481246750523 12.0635466178242 1.37032514948115 15.1228479636969 17.2007994862574 119
"88" 147.694185738085 16.5645863637115 4.02482849383988 33.994241608933 52.2223297610821 121
"89" 145.740936464797 23.9294373962556 4.52671263959606 39.3624076142123 3.73445778822557 122
"90" 163.184834049265 20.2286818540525 1.86451557522525 33.5283719630148 17.3641138010132 123
"91" 126.753935746983 63.491094310046 3.51240823592671 13.8285719247558 16.6105171679919 124
"92" 154.346700553179 8.91974608156252 2.12880723686132 1 106.665463994848 125
"93" 117.647958645581 21.6097030192375 5.55366542728992 38.281133849838 196.391653494696 126
"94" 126.640945338685 9.2235185301113 2.16791269780137 106.210173499309 1 127
"95" 140.193145412181 34.0662184042835 3.24402490481318 10.6140635380215 37.0208338951382 128
"96" 169.074045863189 18.9509826775922 1.18052500067772 18.7969491494388 1 129
"97" 140.262357890489 38.4483661795339 6.11079647904966 57.8541140349622 51.3662476998469 130
"98" 145.185332158693 18.2560202417862 1.80367923607919 117.143028887332 1 132
"99" 147.036810276241 22.0513044139461 1.84794975763015 37.3633945454127 13.911218993517 133
"100" 157.804243345145 20.8677467943135 1.14410013348757 20.4732211575395 2.08306560173901 134
"101" 159.372873688164 9.9668596064977 1.77134597199966 24.6363238090436 10.4186907234561 135
