"V1" "V2" "V3" "V4" "V5" "V6" "V7"
"1" 55.0684850226059 69.8448648813642 72.3654114460073 500 44.2846655178576 0.01 3
"2" 46.0382460449673 100 100 315.862604330449 4.83410459741868 0.01 6
"3" 41.5956867988497 92.8239850036805 91.8581259540882 500 37.3992430956218 0.01 8
"4" 51.886052357971 100 100 315.235625048075 1 0.01 9
"5" 48.7725148058001 100 100 273.15640432729 1.55507190857545 0.01 13
"6" 79.70746548517 18.1650866438139 18.9213546176085 500 64.1603132197592 0.01 14
"7" 48.7668762311301 100 100 482.012096623468 1 0.01 16
"8" 46.203548199455 100 100 315.590551658988 1 0.01 17
"9" 50.7464447661339 100 100 453.403904075656 11.7429775951189 0.01 23
"10" 47.3832383241498 100 90.7483231799846 500 35.8640069290449 0.01 27
"11" 53.0542014867547 100 100 275.508706113567 1 0.01 28
"12" 41.4047484732986 100 91.9565594728898 500 26.9818502284688 0.01 29
"13" 47.9176220884489 100 100 353.520780493181 1.3487751116056 0.01 30
"14" 49.779314815046 100 100 448.230094348337 1 0.01 32
"15" 70.0457722985404 30.2237091814159 31.2881711234486 500 55.7006215301068 0.01 33
"16" 46.4041283624173 100 100 283.266166485012 1 0.01 34
"17" 53.8094492497994 58.8071266761258 57.450859076199 500 54.5808233107471 0.01 36
"18" 78.3989684532377 18.4789449358476 19.7003256373597 500 66.1060325464721 0.01 37
"19" 53.2653684680967 76.7591887792835 79.3377419050327 500 54.1107634485276 0.01 39
"20" 53.3552597424847 100 100 272.459528478613 1 0.01 40
"21" 52.081058827535 100 100 312.40447608019 1 0.01 43
"22" 46.7235884361544 100 100 346.512081484544 4.34819680720412 0.01 44
"23" 51.0185481636858 99.3395679044926 100 407.0232608005 1 0.01 47
"24" 51.0807960293288 100 100 275.745609314133 1 0.01 48
"25" 51.8914872925271 100 100 374.067726470633 10.7625002562471 0.01 51
"26" 47.1922914072697 100 100 352.254889544088 1 0.01 54
"27" 48.6120461328041 100 100 457.501794650921 10.8860317385002 0.01 55
"28" 51.0535515119347 100 100 426.004067441597 1 0.01 56
"29" 55.2762993703444 68.9402122377802 71.3972405271566 500 51.5852472287724 0.01 58
"30" 65.3896987884356 40.2192112409764 40.6382328878825 500 69.7389922507962 0.01 60
"31" 49.8846240329397 100 100 271.286695942361 1 0.01 61
"32" 50.2813836978189 100 100 287.225303550955 1 0.01 62
"33" 49.403816685707 100 100 360.331916526495 2.91742015862922 0.01 63
"34" 52.654463250711 100 100 327.574341290273 1 0.01 64
"35" 81.6410509130992 16.072207712559 15.4238798013608 500 63.4616829995157 0.01 65
"36" 45.0832898698402 100 91.4982512108791 500 30.3922229538455 0.01 66
"37" 36.1659828203169 100 100 325.35141584691 4.23646119970948 0.01 67
"38" 57.8446198324568 56.9768039305637 56.2999827687786 500 53.8597162728213 0.01 68
"39" 51.559172048 72.0151183542885 80.3909652189349 500 47.995143397812 0.01 70
"40" 50.2772375158422 59.3246030900978 57.9565884775662 500 65.1445160531983 0.01 71
"41" 65.2896111591858 39.0994384982194 38.7239573506802 500 52.166672940891 0.01 73
"42" 46.8660127905455 92.1727119273707 94.7008001310784 500 36.0071183584517 0.01 76
"43" 45.9031234282917 95.9440044067019 97.5932333369625 500 58.8619418681903 0.01 79
"44" 46.8844682490254 82.4095841026825 95.66175351638 500 61.7320856996564 0.01 80
"45" 63.0493276078667 41.6117124620993 43.869221122069 500 58.6787637593005 0.01 83
"46" 64.6570928122064 39.8211372018494 39.3519028933561 500 52.9481129271851 0.01 86
"47" 57.3646913955665 57.2406045000121 58.0492528862263 500 48.1083553290049 0.01 87
"48" 45.5326321806307 100 90.7823890750393 500 33.0575854197562 0.01 88
"49" 55.9133934717735 66.131665372339 67.7051698539583 500 58.3445561285874 0.01 90
"50" 51.2212380219299 100 100 314.27118968549 1.10213160736572 0.01 91
"51" 66.1049839441002 18.6812958145271 20.5282897002746 500 73.8712089166905 0.01 93
"52" 45.7177937074259 100 94.6580971803046 500 35.9618574654165 0.01 95
"53" 50.2901783984177 100 100 328.343578069488 1 0.01 96
"54" 65.729748712759 37.9753244809194 37.3491687762533 500 77.6791177849395 0.01 97
"55" 51.2716390000363 100 100 474.411380033226 1.69367826450163 0.01 98
"56" 61.3246526337099 53.9236643281263 58.4688529650651 500 65.6353702131314 0.01 100
"57" 64.469733340383 36.4433995801707 35.5052618929333 500 55.9074479400349 0.01 104
"58" 49.3791102056387 100 100 324.437423079165 8.08272837371802 0.01 107
"59" 50.1517099058464 100 100 313.415705290762 1 0.01 111
"60" 47.7164695191627 87.825760634933 91.8277660431649 500 40.4006420184006 0.01 114
"61" 24.6949637637782 100 100 391.656166036899 1 0.01 115
"62" 72.4842591250716 30.0242651904997 31.7190919945586 500 47.7799453327408 0.01 117
"63" 47.3114646401112 85.0354309438212 91.5832741040544 500 32.1891890875273 0.01 118
"64" 55.1990262050445 67.1706848600292 65.6665621348716 500 39.38648558205 0.01 120
"65" 50.4964013610502 100 100 329.729024315737 1 0.01 124
"66" 44.5582282235423 100 90.7617404142596 500 35.348815176165 0.01 128
"67" 49.8082309523189 100 100 329.339974748754 1 0.01 130
"68" 48.4462888934751 100 100 327.785321893958 1 0.01 131
"69" 34.1814770703006 100 100 334.96482394087 1 0.01 1001
"70" 31.5465642101487 99.9924700978232 98.0397208159531 500 65.8328069771333 0.01 1002
"71" 31.4233913142409 100 100 331.766972508548 2.08511511066359 0.01 1003
"72" 33.9395557937773 98.5196736805397 100 397.201389142457 5.59072472652539 0.01 1005
"73" 34.5766913769194 100 100 347.641061928826 1 0.01 1006
"74" 59.0808056192902 8.10028818089591 10.9339674042683 500 78.5773380198142 0.01 1007
"75" 31.8058994865278 100 90.9004140449997 500 40.9109370811661 0.01 1009
"76" 32.2188687857731 61.7668068908037 57.5914228576959 500 73.8069675815589 0.01 1010
"77" 32.6726120309401 87.4818371411568 90.6524100104505 500 36.6851534240567 0.01 1012
"78" 25.6683367011278 100 100 407.185176579274 1 0.01 1013
"79" 34.5542363792341 79.0460733321595 88.7412172270892 500 42.3901072634057 0.01 1014
"80" 49.7559137379083 29.5918962839344 32.2294800900441 500 39.6514692803422 0.01 1015
"81" 41.9487196739835 61.9236622616849 59.060590505184 500 80.3853200236983 0.01 1017
"82" 36.8371394749084 100 100 379.112980063134 2.86211713628605 0.01 1018
"83" 28.8499169599788 91.8472576984765 90.5905426500037 500 41.5343272703243 0.01 1019
"84" 32.9287958339221 100 100 335.106170800826 1 0.01 1020
"85" 46.19086091683 30.5269297319759 32.9718168693857 500 62.533124833279 0.01 1023
"86" 27.7155983508267 97.6964972563665 93.3371425347665 500 54.20943497273 0.01 1024
"87" 37.242172012673 100 100 273.431524382255 1 0.01 1025
"88" 33.0972105157565 100 100 313.682852919206 6.4803153297681 0.01 1026
"89" 36.5101881899322 100 100 319.203109259202 5.83700773742666 0.01 1027
"90" 41.0884248509168 43.9877647970542 47.7993457906751 500 56.3097584697138 0.01 1030
"91" 44.1063035814733 36.2537940517607 35.6662255716078 500 52.8534064811182 0.01 1033
"92" 29.4433515419353 98.704410709906 100 379.854396019109 1 0.01 1035
"93" 34.1958604038638 82.7801043762474 96.226717134628 500 57.0219159589846 0.01 1036
"94" 35.161337718789 100 100 393.44514196615 1 0.01 1038
"95" 37.1440228596441 73.0930670307907 78.6043227496897 500 44.5593669653118 0.01 1040
"96" 40.7040980505006 51.5066830614249 54.2181425751472 500 67.0713916460262 0.01 1042
"97" 36.5517153095391 100 100 327.651551805379 6.0027944022475 0.01 1043
"98" 51.5323207260653 29.4290529524734 28.0038342303375 500 81.6715710853402 0.01 1044
"99" 30.4768731233587 100 93.1554695425368 500 48.4813366333214 0.01 1045
"100" 34.7626444410913 100 100 454.842897022211 15.2429318098765 0.01 1047
"101" 34.7799597715242 100 100 416.387835609457 3.73799512187756 0.01 1048
"102" 31.0600525737006 75.5693456126566 92.4348894491612 500 48.3409803273495 0.01 1049
"103" 32.5334749716264 100 89.562027901871 500 35.8084672630483 0.01 1050
"104" 34.1554484486364 100 100 280.254021171425 1 0.01 1051
"105" 32.6522695096473 100 90.424949793557 500 28.3958892099002 0.01 1052
"106" 34.5671302373427 100 100 316.806819050678 1 0.01 1053
"107" 35.4950950030723 100 100 280.740593894575 11.4863718288597 0.01 1054
"108" 36.4077091351833 100 100 412.728615152069 1 0.01 1056
"109" 31.484171806207 94.3474014798365 92.7050288868615 500 46.6509784176728 0.01 1057
"110" 46.3877433176655 37.7007517294862 37.9505414814596 500 36.5254109632184 0.01 1058
"111" 34.0714133443958 100 100 284.4925322759 1 0.01 1059
"112" 37.6425577151964 72.8299751391434 68.2013561803074 500 34.6058070666565 0.01 1060
"113" 47.2174086692712 22.7175691326714 23.8915810206264 500 56.7711056012881 0.01 1061
"114" 38.1044800631234 100 100 271.868956407695 4.27429868428214 0.01 1062
"115" 33.3325208367784 100 100 344.305856426995 1 0.01 1063
"116" 41.2461751087936 38.5065650072235 38.851477560442 500 37.4116196342184 0.01 1064
"117" 36.7505751132994 100 100 462.903527079728 1 0.01 1067
"118" 35.0598442985229 100 100 268.238600955648 1 0.01 1068
"119" 32.577278508652 100 100 432.458273432955 5.18034153050203 0.01 1069
"120" 31.8398614895756 92.4259214280122 93.5919645202317 500 30.2741214035501 0.01 1070
"121" 34.1364121398745 100 100 385.101588542147 3.62356551528917 0.01 1071
"122" 33.8781837941148 74.645771575732 83.6950730400721 500 64.1776532410202 0.01 1072
"123" 32.2586011780833 75.5340866611029 84.0010057692972 500 57.508612725834 0.01 1075
"124" 35.6858833189214 57.5710776475583 58.2364954858317 500 59.1163355725297 0.01 1077
"125" 32.5490747473464 77.1481195247281 88.9507112682698 500 38.447873849788 0.01 1079
"126" 37.2879495047243 100 100 271.58583478638 1 0.01 1081
"127" 43.8229625493665 43.1348585342683 45.3015454417385 500 69.3977429480812 0.01 1084
"128" 48.5295699686292 25.2639005819151 27.9257372986345 500 42.936038498035 0.01 1085
"129" 44.8744963273387 39.2466888848932 41.4423555213216 500 68.7719173861339 0.01 1086
"130" 31.1944391144142 100 100 368.90866900781 1 0.01 1087
"131" 32.525531337794 100 100 425.784172722544 1 0.01 1088
"132" 36.1404641484575 100 100 308.336709302025 6.57200524794167 0.01 1089
"133" 32.6996221682078 100 100 364.478555384961 1 0.01 1092
"134" 36.3785644814513 100 100 352.296846769243 1 0.01 1093
"135" 34.3379432887226 100 100 479.243808544751 1 0.01 1094
"136" 32.9244938512403 100 100 381.357875625632 1 0.01 1095
"137" 31.5471558993573 100 100 324.433844466609 3.72125234480566 0.01 1097
"138" 34.9838533222149 100 100 332.462242334991 1 0.01 1098
"139" 35.0049588566667 100 100 271.850917945097 1 0.01 1099
"140" 31.6442658112672 98.526097989525 91.3961418041098 500 40.3046601887004 0.01 1100
"141" 34.3199984247623 75.656214763682 86.4942269092725 500 64.1715426652463 0.01 1101
"142" 28.2362890692304 98.7611295626585 99.3626723167195 500 66.1436108281066 0.01 1102
"143" 51.6523745322976 13.4128520980208 11.7746750087276 500 52.9736355164669 0.01 1103
"144" 42.8963211862051 44.5737544618906 47.404072089798 500 40.570251799145 0.01 1104
"145" 33.2227213939487 100 100 317.805788996525 1 0.01 1105
"146" 40.004696604007 56.5494603056297 56.0907581993992 500 46.4510640945318 0.01 1107
"147" 35.9398375705654 61.9005435149433 55.4232513643296 500 78.1768225493423 0.01 1108
"148" 53.900281594757 25.3630133461891 25.3328348318156 500 52.9079868127139 0.01 1109
"149" 37.5846255360428 58.7137049679898 58.8745686362023 500 53.4681135573636 0.01 1111
"150" 27.4194928316968 100 100 346.007470990565 1 0.01 1113
"151" 35.6548785473282 100 100 321.304922943436 1.16653294701589 0.01 1114
"152" 26.7091073069785 100 89.1804712042417 500 28.2781810405735 0.01 1115
"153" 31.9568556646717 92.5670651531578 90.0062515892058 500 32.1522506657948 0.01 1116
"154" 34.7477087762858 61.3568975837899 58.0558807597076 500 68.6933782089652 0.01 1117
"155" 41.5017478752279 35.0717596138558 34.8839888778856 500 69.7473300177983 0.01 1119
"156" 32.3949642092661 96.5391205147569 94.1087043052361 500 54.939360188233 0.01 1121
"157" 32.502903668893 100 100 448.192165231299 1 0.01 1122
"158" 39.5877814244569 57.0419439573862 57.7396047090246 500 59.59616093932 0.01 1123
"159" 26.4829760827706 99.685514889358 91.4538119917211 500 31.4036041656791 0.01 1124
"160" 35.4175454889934 56.1691073032831 53.3899610198944 500 41.1442727122305 0.01 1125
"161" 33.7878624564385 100 100 473.729964192698 8.03716450239959 0.01 1126
"162" 25.8811785553496 79.8458640974555 96.1613541594927 500 62.9240365477532 0.01 1127
"163" 32.8278671000951 100 100 389.153729497101 1 0.01 1128
"164" 26.5087834226615 91.76828646495 90.0423331052564 500 36.813295414727 0.01 1129
"165" 35.7792193061856 82.7445594429235 92.657296082469 500 63.2545507880765 0.01 1130
"166" 29.5232164083686 100 98.1941529188998 464.770649581624 21.1590627665561 0.01 1132
"167" 29.6646358333313 100 100 339.245190596514 5.98850570335156 0.01 1133
"168" 34.6305658241395 57.9058771815486 56.2634553639564 500 56.2115642919723 0.01 1134
"169" 29.5266183764817 92.444556796278 92.0314658532233 500 51.0443793085471 0.01 1135
