"V1" "V2" "V3" "V4" "V5" "V6" "V7"
"1" 55.3985025461349 69.8448647979693 72.3654114676172 500 44.284664387802 0.01 3
"2" 46.3682635684963 100 100 315.862603815443 4.83410454797925 0.01 6
"3" 41.886404027793 92.8239837672433 91.8581253983879 500 37.3992384919262 0.01 8
"4" 52.2160698815 100 100 315.235625048073 1 0.01 9
"5" 49.1025323293291 100 100 273.156404019841 1.5550726110034 0.01 13
"6" 80.037483008699 18.1650869189677 18.9213544341963 500 64.1603132551553 0.01 14
"7" 49.0870686810127 100 100 482.012096051622 1 0.01 16
"8" 46.520214117924 100 100 315.590551610343 1 0.01 17
"9" 51.0666372160165 100 100 453.403903681728 11.742977430174 0.01 23
"10" 47.7132558476788 100 90.7483230931238 500 35.8640061856757 0.01 27
"11" 53.3842190102837 100 100 275.508706116489 1 0.01 28
"12" 41.7182651206512 100 91.9565595802574 500 26.9818506037815 0.01 29
"13" 48.2378145383315 100 100 353.520780479004 1.34877520464493 0.01 30
"14" 50.1093323385751 100 100 448.230094343731 1 0.01 32
"15" 70.3757898220694 30.2237092815462 31.2881710332365 500 55.7006220489643 0.01 33
"16" 46.7176450097699 100 100 283.266166482796 1 0.01 34
"17" 54.1327909707983 58.8071267665381 57.4508591950699 500 54.5808243022873 0.01 36
"18" 78.7289859767668 18.4789451523741 19.7003255891434 500 66.1060313378398 0.01 37
"19" 53.5953859916257 76.7591885560265 79.3377422599267 500 54.1107617379094 0.01 39
"20" 53.6786014634837 100 100 272.459528457946 1 0.01 40
"21" 52.411076351064 100 100 312.404474638141 1 0.01 43
"22" 47.0335785520933 100 100 346.512080897493 4.34819854951812 0.01 44
"23" 51.3485656872148 99.3395678850963 100 407.023259424515 1 0.01 47
"24" 51.4009884792114 100 100 275.745609319156 1 0.01 48
"25" 52.2215048160561 100 100 374.067726787486 10.7625000675773 0.01 51
"26" 47.4861579073294 100 100 352.254889390783 1 0.01 54
"27" 48.935387853803 100 100 457.501794755832 10.8860318085166 0.01 55
"28" 51.3835690354638 100 100 426.004070148576 1 0.01 56
"29" 55.6063168938735 68.9402124278312 71.397240129296 500 51.5852486185276 0.01 58
"30" 65.7197163119646 40.219211082521 40.6382327279357 500 69.7389921123265 0.01 60
"31" 50.2079657539387 100 100 271.286696358273 1 0.01 61
"32" 50.5949003451715 100 100 287.225304748145 1 0.01 62
"33" 49.733834209236 100 100 360.331916176727 2.91741899365855 0.01 63
"34" 52.98448077424 100 100 327.574341399708 1 0.01 64
"35" 81.9514182893354 16.0722077671412 15.4238798159254 500 63.4616831145782 0.01 65
"36" 45.3999557883092 100 91.4982516677693 500 30.3922239146972 0.01 66
"37" 36.4366726416702 100 100 325.35141621036 4.23646068289298 0.01 67
"38" 58.1648122823394 56.9768041088053 56.2999827971258 500 53.8597177672971 0.01 68
"39" 51.875837966469 72.0151187444194 80.3909656544248 500 47.9951465836583 0.01 70
"40" 50.5876048920784 59.3246024972098 57.9565881376663 500 65.1445127973017 0.01 71
"41" 65.6098036090683 39.0994384094834 38.723957546889 500 52.1666759747485 0.01 73
"42" 47.1893545115446 92.1727118979353 94.700800164603 500 36.0071191899278 0.01 76
"43" 46.2331409518208 95.9440051663154 97.5932331678223 500 58.8619423472845 0.01 79
"44" 47.2144857725545 82.4095841062973 95.6617535422575 500 61.7320857543798 0.01 80
"45" 63.3695200577493 41.61171238195 43.8692211293453 500 58.6787637349189 0.01 83
"46" 64.977285262089 39.821137538525 39.3519031467907 500 52.9481150914959 0.01 86
"47" 57.6947089190955 57.2406045202621 58.0492527108995 500 48.108351972806 0.01 87
"48" 45.8461488279833 100 90.7823890353293 500 33.0575846131917 0.01 88
"49" 56.2335859216562 66.1316653179013 67.7051697681245 500 58.3445556435226 0.01 90
"50" 51.5512555454589 100 100 314.271190878061 1.10213154814609 0.01 91
"51" 66.4019997152762 18.6812959982991 20.5282897754081 500 73.8712112966375 0.01 93
"52" 46.0478112309549 100 94.6580972140902 500 35.961857574567 0.01 95
"53" 50.6201959219467 100 100 328.343578065203 1 0.01 96
"54" 66.0597662362881 37.9753244099786 37.3491686319093 500 77.6791162930826 0.01 97
"55" 51.6016565235653 100 100 474.411379834564 1.69367831869155 0.01 98
"56" 61.6546701572389 53.9236643805407 58.4688530700308 500 65.6353711713672 0.01 100
"57" 64.7667491115591 36.4433998543921 35.5052619969595 500 55.9074497937914 0.01 104
"58" 49.7024519266377 100 100 324.437424616374 8.08272834328402 0.01 107
"59" 50.4817274293754 100 100 313.415705293217 1 0.01 111
"60" 48.0134852903389 87.8257608706581 91.827765891221 500 40.4006440762816 0.01 114
"61" 24.8269707731898 100 100 391.656163611493 1 0.01 115
"62" 72.8142766486007 30.0242652786295 31.7190920473778 500 47.7799460742982 0.01 117
"63" 47.6249812874637 85.0354307023722 91.5832734806377 500 32.1891894343029 0.01 118
"64" 55.5192186549271 67.1706855207836 65.6665622483037 500 39.3864875170737 0.01 120
"65" 50.8264188845792 100 100 329.729024016889 1 0.01 124
"66" 44.8552439947184 100 90.7617402399267 500 35.3488139292728 0.01 128
"67" 50.1382484758479 100 100 329.339974769332 1 0.01 130
"68" 48.7664813433577 100 100 327.78532171913 1 0.01 131
"69" 34.4026642631245 100 100 334.964823676696 1 0.01 1001
"70" 31.7775764766191 99.9924708696352 98.0397212146191 500 65.8328098416633 0.01 1002
"71" 31.6312269020047 100 100 331.766972346312 2.08511622226602 0.01 1003
"72" 34.1705680602476 98.5196737832101 100 397.201389579559 5.5907249224079 0.01 1005
"73" 34.8077036433897 100 100 347.641060111462 1 0.01 1006
"74" 59.2854919359377 8.10028834789765 10.9339672770152 500 78.5773340261927 0.01 1007
"75" 32.0302359504681 100 90.9004139542414 500 40.910937960292 0.01 1009
"76" 32.4498810522434 61.7668078784876 57.5914229630805 500 73.8069684903521 0.01 1010
"77" 32.893799223764 87.4818368169073 90.6524096051805 500 36.6851505952713 0.01 1012
"78" 25.8596714127152 100 100 407.185175510516 1 0.01 1013
"79" 34.7852486457044 79.0460740422119 88.7412194855081 500 42.39011430024 0.01 1014
"80" 49.9869260043786 29.591896366118 32.2294802918521 500 39.6514697953523 0.01 1015
"81" 42.1797319404538 61.9236627525852 59.0605911431522 500 80.3853245231222 0.01 1017
"82" 37.0583266677323 100 100 379.112977311525 2.86211975294204 0.01 1018
"83" 29.0577525477426 91.8472576674524 90.5905426339616 500 41.5343280505657 0.01 1019
"84" 33.1598081003924 100 100 335.106170598472 1 0.01 1020
"85" 46.4120481096539 30.5269293204794 32.9718170621938 500 62.5331242810472 0.01 1023
"86" 27.9269604700042 97.6964974359822 93.3371435883973 500 54.2094368911439 0.01 1024
"87" 37.4731842791433 100 100 273.431524460466 1 0.01 1025
"88" 33.3282227822269 100 100 313.682853063134 6.48031518073916 0.01 1026
"89" 36.7215503091096 100 100 319.203108113935 5.83700941674309 0.01 1027
"90" 41.3127613148571 43.9877652311816 47.7993459567961 500 56.3097631911115 0.01 1030
"91" 44.3274907742972 36.2537940727653 35.6662256041721 500 52.8534072688787 0.01 1033
"92" 29.637835524639 98.7044098443558 100 379.854394004102 1 0.01 1035
"93" 34.4103717941577 82.7801040807754 96.2267159300276 500 57.021913546337 0.01 1036
"94" 35.3856741827293 100 100 393.445141861876 1 0.01 1038
"95" 37.358534249938 73.093067017388 78.6043226872994 500 44.5593666322174 0.01 1040
"96" 40.935110316971 51.5066831377985 54.2181420701301 500 67.0713902947238 0.01 1042
"97" 36.7827275760094 100 100 327.651552066342 6.00279401710353 0.01 1043
"98" 51.7633329925356 29.429053046798 28.0038343936269 500 81.6715713867848 0.01 1044
"99" 30.707885389829 100 93.1554692719472 500 48.481335282107 0.01 1045
"100" 34.9838316339152 100 100 454.842901824065 15.2429291314807 0.01 1047
"101" 35.0109720379945 100 100 416.387835709752 3.73799482109106 0.01 1048
"102" 31.2910648401709 75.5693452965312 92.4348880999046 500 48.3409783460848 0.01 1049
"103" 32.7578114355667 100 89.5620281334398 500 35.8084673714919 0.01 1050
"104" 34.3601347652838 100 100 280.254021148635 1 0.01 1051
"105" 32.8832817761176 100 90.4249498070794 500 28.3958909443679 0.01 1052
"106" 34.7883174301666 100 100 316.806819504609 1 0.01 1053
"107" 35.7261072695426 100 100 280.740594452759 11.4863709717146 0.01 1054
"108" 36.6387214016536 100 100 412.72861429797 1 0.01 1056
"109" 31.7151840726773 94.3474004507876 92.7050277796608 500 46.6509738144341 0.01 1057
"110" 46.6187555841359 37.700751307194 37.9505411655852 500 36.5254081037609 0.01 1058
"111" 34.2926005372197 100 100 284.492532274126 1 0.01 1059
"112" 37.8570691054902 72.8299748361003 68.2013567306063 500 34.6058043034828 0.01 1060
"113" 47.4385958620951 22.7175692709545 23.8915809592464 500 56.7711056460452 0.01 1061
"114" 38.3354923295937 100 100 271.868955945089 4.27429934913267 0.01 1062
"115" 33.5372071534258 100 100 344.30585642761 1 0.01 1063
"116" 41.4638357702038 38.5065649929816 38.8514774300584 500 37.4116196223351 0.01 1064
"117" 36.9815873797698 100 100 462.90352699381 1 0.01 1067
"118" 35.2908565649933 100 100 268.238600975077 1 0.01 1068
"119" 32.7752890227694 100 100 432.458273604803 5.18034129797406 0.01 1069
"120" 32.0512236087531 92.4259214147181 93.5919645044963 500 30.2741213135706 0.01 1070
"121" 34.3575993326984 100 100 385.101589495425 3.62356561404008 0.01 1071
"122" 34.1091960605851 74.6457719890269 83.695073757628 500 64.1776556230671 0.01 1072
"123" 32.4699632972608 75.5340871869523 84.0010058633393 500 57.5086131509905 0.01 1075
"124" 35.8870431041552 57.5710769841909 58.2364947542318 500 59.1163319647014 0.01 1077
"125" 32.7734112112867 77.148120011052 88.9507115409825 500 38.4478749930101 0.01 1079
"126" 37.5091366975482 100 100 271.585835559165 1 0.01 1081
"127" 44.0441497421904 43.1348584395411 45.3015453441988 500 69.3977432880303 0.01 1084
"128" 48.7507571614531 25.2639010376656 27.9257374789739 500 42.9360401644614 0.01 1085
"129" 45.098832791279 39.2466891534258 41.4423554496775 500 68.7719188629555 0.01 1086
"130" 31.3893003574152 100 100 368.908669005991 1 0.01 1087
"131" 32.7565436042643 100 100 425.784173612443 1 0.01 1088
"132" 36.3714764149278 100 100 308.336709126379 6.57200555226052 0.01 1089
"133" 32.9208093610317 100 100 364.478556396072 1 0.01 1092
"134" 36.6095767479216 100 100 352.296846322382 1 0.01 1093
"135" 34.5689555551929 100 100 479.243808550921 1 0.01 1094
"136" 33.1456810440642 100 100 381.357874340032 1 0.01 1095
"137" 31.7683430921812 100 100 324.433845007921 3.72125130867194 0.01 1097
"138" 35.2148655886853 100 100 332.462242521237 1 0.01 1098
"139" 35.229295320607 100 100 271.850917955166 1 0.01 1099
"140" 31.852101399031 98.5260981238027 91.3961419724082 500 40.3046607488589 0.01 1100
"141" 34.5411856175862 75.6562147294453 86.4942275525288 500 64.1715435982357 0.01 1101
"142" 28.4673013357007 98.7611301951274 99.3626736795175 500 66.1436152875902 0.01 1102
"143" 51.8177605543593 13.4128519641601 11.7746751656775 500 52.9736391793947 0.01 1103
"144" 43.1206576501454 44.5737543851311 47.4040719426489 500 40.5702521567654 0.01 1104
"145" 33.4175826369498 100 100 317.805788985428 1 0.01 1105
"146" 40.2357088704773 56.549460381279 56.0907584954488 500 46.4510658345503 0.01 1107
"147" 36.1508224294457 61.9005438863488 55.423251064382 500 78.1768240829074 0.01 1108
"148" 54.1312938612273 25.3630137380764 25.3328348718316 500 52.9079840584252 0.01 1109
"149" 37.7991369263367 58.7137049376347 58.8745686585381 500 53.4681135610123 0.01 1111
"150" 27.6175033458143 100 100 346.007469984313 1 0.01 1113
"151" 35.8792150112685 100 100 321.304924173236 1.16653132460264 0.01 1114
"152" 26.8972927474495 100 89.1804715715822 500 28.2781797975371 0.01 1115
"153" 32.187867931142 92.5670651115967 90.0062513169308 500 32.1522496922383 0.01 1116
"154" 34.9358942167568 61.3568975777237 58.0558807710748 500 68.6933780876733 0.01 1117
"155" 41.6930825868153 35.0717598515392 34.8839891479009 500 69.7473322685206 0.01 1119
"156" 32.6063263284436 96.5391210058582 94.1087050067303 500 54.9393630883651 0.01 1121
"157" 32.7174150591869 100 100 448.192165481459 1 0.01 1122
"158" 39.8121178883972 57.0419438783506 57.7396049509742 500 59.596162877776 0.01 1123
"159" 26.680986596888 99.6855163838781 91.453811542493 500 31.4036063031368 0.01 1124
"160" 35.6285303478736 56.1691074189353 53.3899610523647 500 41.1442721557295 0.01 1125
"161" 33.9893995019695 100 100 473.729960845542 8.03716735426807 0.01 1126
"162" 26.0626881932906 79.8458634824037 96.1613527494238 500 62.9240328345226 0.01 1127
"163" 33.049054292919 100 100 389.153730034732 1 0.01 1128
"164" 26.7331198866018 91.7682863160007 90.0423330415362 500 36.8132976656519 0.01 1129
"165" 36.0102315726559 82.7445594212487 92.6572966750683 500 63.2545464949139 0.01 1130
"166" 29.7377277986624 100 98.1941517403541 464.770649165154 21.1590623425273 0.01 1132
"167" 29.8594970763324 100 100 339.245190988235 5.98850550899044 0.01 1133
"168" 34.8517530169634 57.9058765307311 56.2634552799782 500 56.211562138626 0.01 1134
"169" 29.7277781617155 92.444556906881 92.0314655186331 500 51.0443803001776 0.01 1135
