"V1" "V2" "V3" "V4" "V5"
"1" 150.667486459849 100 13.6928894489883 45.6002072919766 3
"2" 241.922125134004 6.58595145714412 4.83912748719772 29.0630238981811 6
"3" 237.813936731569 1.82129677317777 2.57491340485983 34.550860084509 8
"4" 241.923895320506 6.73546145775358 7.43718693217691 23.2753438073805 9
"5" 176.587449322731 13.0003035028693 16.5746669734044 136.534312378649 13
"6" 218.968482536326 7.35526517163628 4.6870989820645 96.0520389046979 14
"7" 65.1690494226364 100 100 29.7989533528666 16
"8" 224.546422184924 7.64533464176367 3.43462649841025 38.9376170077997 17
"9" 282.776501729714 10.0285062049471 1.05744610947922 15.6966835071514 23
"10" 178.550408338874 70.6865979944947 9.01089548874585 47.4217615148938 27
"11" 188.029934391523 61.095307356522 6.71383254719642 64.7134205429862 28
"12" 237.825896563189 9.09573189678694 2.24482395062453 23.792596411657 29
"13" 146.247983218133 35.0853910978186 11.6820945761658 334.360696290457 30
"14" 254.011273893422 10.0280555425391 1.79299743148025 40.9439711352106 32
"15" 135.47388993175 74.8791300863559 34.6149800483153 79.2054872758095 33
"16" 190.597709228696 39.4526590620126 5.06885815417629 33.1420072833417 34
"17" 181.949315430918 23.5985799618738 13.46218843554 47.8255631916454 36
"18" 242.427580703987 14.8597970433399 1.4804316697792 71.2168039014152 37
"19" 230.251923354976 18.7657276307473 3.81172319157041 43.5037301221502 39
"20" 184.732504529008 48.3568149194309 10.0805001276839 36.3209100727266 40
"21" 256.044905029748 9.49309310353088 2.26299076987052 36.2373912290864 43
"22" 194.669046742879 18.0557438859523 11.8610237159726 17.8904587038136 44
"23" 255.461393248137 8.72499664381855 2.0749242554669 44.0279619793746 47
"24" 182.43527633035 20.2921604608028 22.3774090635333 34.6171188676871 48
"25" 280.828909547253 3.50954416296302 2.8019456726482 16.6709825351539 51
"26" 168.642166798692 14.4357903326751 22.7717288407135 82.6535940036018 54
"27" 158.193762864202 79.5334311831966 12.3031982067658 81.7273266440828 55
"28" 283.214873261319 12.1618707941541 0.554384412225831 23.8732925685671 56
"29" 248.270012459291 18.5195669249053 2.04964696178574 30.4652765643774 58
"30" 182.99005474304 40.2494977796168 15.4310024771559 28.1318151565267 60
"31" 267.495446591089 4.12915230299419 2.58933773059056 22.4078545626512 61
"32" 228.603581897507 17.5682576890947 3.20135018363268 30.2619220447356 62
"33" 269.589836634733 6.3624675354951 1.65004855566703 28.0199880380119 63
"34" 224.513044786168 39.6963746807317 2.88991420846546 38.6803265514795 64
"35" 210.401717775537 22.9734977063797 4.39675277531388 61.612312262451 65
"36" 220.510221471736 16.9699966888329 5.35394258147488 33.3627562210749 66
"37" 97.1588139439316 100 18.2569794350033 47.241343660787 67
"38" 217.414403130235 14.0421855226752 2.51355302335584 113.189843210968 68
"39" 195.768735341171 28.0328995851936 6.76613111039646 59.1368840762504 70
"40" 244.23958846369 4.41218573105882 2.77057593310978 23.379589315841 71
"41" 284.273114002096 2.44311200476111 1.09844745474061 31.1450373135241 73
"42" 73.0652770881697 100 100 19.0693683433779 76
"43" 205.566434045069 27.155494270069 5.2477568643172 85.9617157776063 79
"44" 235.45389629541 11.5590280108826 2.29324511218794 65.8460206192361 80
"45" 256.925909692894 4.78065117848759 4.46681393186389 20.0272890647377 83
"46" 251.737716671175 4.07383581253548 1.8907683745158 52.2050001801527 86
"47" 177.976284793048 30.146570571828 16.295276057922 62.0479978909611 87
"48" 209.141959144289 24.8448664527353 4.96638278300294 34.2473749889363 88
"49" 202.426652683131 24.308964862681 6.13862944768519 42.5377317803776 90
"50" 218.559916640894 29.0958415062027 1.37157659439054 101.515259417683 91
"51" 188.581254190318 21.4291887978356 4.19758197782109 50.2061077505675 93
"52" 280.866866047025 11.5136521563509 0.948301821494099 20.8421556443372 95
"53" 261.332474492137 7.11044765794794 2.07966429971371 32.3221660322539 96
"54" 267.244336868398 20.3465201741504 0.692185076890272 34.1059242239752 97
"55" 259.244053773875 8.79307597539093 2.14356144217829 37.3481906702512 98
"56" 183.900502474633 28.0587771572685 16.5413602233049 42.1908918475123 100
"57" 137.233352486742 75.9024081203155 31.6702831734465 75.1509726025706 104
"58" 194.544333213052 48.0340267584455 5.05145087373619 65.9769260291475 107
"59" 250.391990342512 11.6707712128828 2.09370638718489 31.5040708144204 111
"60" 239.657166644492 3.96850679793336 4.65353536623993 30.3384844106128 114
"61" 108.622036703724 57.8575948578782 1.33967280361187 22.6140410332428 115
"62" 199.780998226704 34.1820625945082 6.7779542109683 73.9173371058234 117
"63" 147.997156131642 94.2280914887966 18.1979522769241 78.6469143838354 118
"64" 183.308908265796 84.2029779795613 3.79059173527916 20.0084313077539 120
"65" 281.758933479805 6.87460023277545 0.716355467562268 37.0394460002464 124
"66" 221.928062336988 17.6549409506306 4.02916827980245 17.9709386864588 128
"67" 272.437769499141 3.10549833592731 1.83394805842072 37.8273869271335 130
"68" 130.731810510204 96.1067870534766 36.0497793670876 132.786018372195 131
"69" 138.760801892127 33.1082670517164 4.83017559418587 57.1778434457382 1001
"70" 185.676569562942 14.041029510523 1.50595700675668 24.9872084067328 1002
"71" 174.23662569624 2.3717392828594 2.71334532985514 26.918547217962 1003
"72" 192.031684687175 8.63988955266642 1.88465267956983 19.4486619491636 1005
"73" 140.492019620637 11.0484971528308 16.5966280916047 37.5573407960603 1006
"74" 150.755488977255 10.3764218699756 3.41050051323262 65.7950995869246 1007
"75" 165.957569418377 4.74323695820534 3.69526751128499 48.7351212389488 1009
"76" 162.200656207426 5.88034716294302 1.85137611014159 28.1261630036013 1010
"77" 150.026248317395 5.63487127994339 10.3103254692086 37.5257596267632 1012
"78" 153.700449097657 15.6879476822091 1.66706010978998 17.5524236374751 1013
"79" 130.346396015172 44.6332743629161 11.8269354736314 33.6509463049529 1014
"80" 167.91600510706 5.8724746103901 3.00878383264623 68.3888933495255 1015
"81" 135.635032154576 37.7107132500774 7.57102063461555 95.6398956333691 1017
"82" 160.977175944314 13.1251103021732 4.47881416438633 35.9246525381663 1018
"83" 142.605819203998 4.28015240697481 3.14527331515069 78.851851136441 1019
"84" 182.114355202268 6.80560357916095 2.76884208107569 24.0489978375456 1020
"85" 150.942203989294 20.0712812056143 3.84626447701743 52.4254143920523 1023
"86" 118.050838236246 47.5464365057408 6.58080683964476 43.2803770975333 1024
"87" 159.928490248736 19.703628268892 4.67133032325455 36.2652789616391 1025
"88" 162.471452993559 10.4859785622329 2.22806542883125 66.6869576636335 1026
"89" 161.744901534311 5.56562690210353 2.781707251148 68.2337813760656 1027
"90" 156.403473755403 10.7451757159613 4.15748769488712 45.3128269489158 1030
"91" 163.139566213967 10.4812901375209 2.76143121878765 37.7068017627169 1033
"92" 174.858272657865 8.61520001051214 1.08127801432045 23.2121338723146 1035
"93" 154.287762818089 58.8504108369874 1.76412621785256 28.8583236642073 1036
"94" 110.883298756043 45.1591387173173 23.3145978245708 125.763244098321 1038
"95" 144.005605651597 15.3271362828217 3.7605215357978 104.181133345384 1040
"96" 163.091330771044 13.9880496155167 4.48990873380344 31.0872822522727 1042
"97" 96.7331419506058 100 29.423134674278 63.2006238482463 1043
"98" 182.280492549786 13.8798895945829 1.09780348951675 28.004043121798 1044
"99" 172.829930308778 13.5861562643833 1.54020545012365 43.7897762473114 1045
"100" 103.149248474219 100 12.043333796726 89.9115204597148 1047
"101" 154.74131288997 13.1917171534643 4.83924626573681 65.3086044415717 1048
"102" 99.8335370032722 64.951968478292 25.4772481654211 114.611330245876 1049
"103" 188.107955208949 5.89168482025344 0.858253592698891 40.5764802112046 1050
"104" 180.950590111868 11.8719597476405 0.460720094975308 18.5799836902621 1051
"105" 112.140550783714 43.5049715138126 22.9536435793912 91.0162040270538 1052
"106" 126.643653563395 14.8560146845488 13.5004299337983 134.707213914453 1053
"107" 158.317871265516 11.1821698091192 4.39814989899028 45.0406760486299 1054
"108" 150.114113808543 29.3712810255211 3.39575690580526 83.943879134566 1056
"109" 122.389197358027 54.5181151697396 11.2723652752041 48.8860837595505 1057
"110" 133.515501128785 27.0345757040897 8.47343269766991 103.569129688082 1058
"111" 165.559402540228 4.86626390887641 3.72137455104559 41.5880952782093 1059
"112" 148.647886206238 5.97697728317457 10.8904313725304 39.7722640448122 1060
"113" 157.767619758282 2.74247708511086 3.75923394453729 36.5092868732455 1061
"114" 112.077348406808 100 4.59861944467099 34.1433681106793 1062
"115" 127.984143333408 14.8272426849512 9.25330004496984 118.23547936605 1063
"116" 179.82547953922 15.4750091940809 0.416827337731191 26.64994462429 1064
"117" 151.355444723088 22.1990826209409 6.26255298473819 51.2393204960506 1067
"118" 148.43932850574 26.3997057352354 1.55727131982663 119.462982674221 1068
"119" 107.424873605883 64.7022271787501 7.17675234100986 80.67135118903 1069
"120" 172.960190412004 11.0772329191585 2.26668192066191 17.1423125503682 1070
"121" 135.464668172637 12.5634339088633 11.0130295228547 84.4481332296899 1071
"122" 86.7517229707039 62.2935241222615 26.9143779077387 426.430869786125 1072
"123" 149.99490272033 16.7689384675913 3.93393174051982 33.6194284988754 1075
"124" 143.291386983392 24.6536863200783 0.937811905483368 69.8546561499416 1077
"125" 168.127667145526 12.898038525007 2.55329861876235 31.8717039011714 1079
"126" 70.8916299055576 100 72.9531015982221 87.5118223111129 1081
"127" 130.7614121922 19.9561870033593 19.764851850372 39.4883066817462 1084
"128" 173.200657932317 3.5895009101764 5.93593254627791 18.3046779725725 1085
"129" 156.560303241062 11.3778044168044 5.18107019770478 41.9774734761866 1086
"130" 166.857099156033 11.0016596814639 0.985391551881541 27.9912820249005 1087
"131" 150.661690492731 23.5936909542039 1.26414435844095 55.869887655302 1088
"132" 145.759595562061 2.417060445674 9.57750084193205 101.195503267188 1089
"133" 140.94526727925 18.4492284840451 6.17887812006711 72.8676908156338 1092
"134" 145.963781043892 47.0749541850551 3.16605341959012 60.3999245652551 1093
"135" 157.37499360667 11.7995290046104 6.35733996371771 43.9771619441706 1094
"136" 149.898166663665 6.45654898167889 3.57427327792142 29.8008720932105 1095
"137" 164.790865182352 12.922141017523 0.701182507265931 92.824491159526 1097
"138" 147.23481946618 23.746128983962 7.16995449580707 25.2161552320673 1098
"139" 156.803865870282 15.6887608442095 4.89297661946766 35.6073748876399 1099
"140" 144.441071851201 7.25462464291648 9.38177308392765 48.9068572466146 1100
"141" 162.422600407559 7.57565174859055 8.2744637979843 19.1222188087474 1101
"142" 170.526263500448 16.6429720519067 1.13603127874683 19.9979843271125 1102
"143" 165.643169940094 4.37562868928214 1.22942130332105 27.10258658417 1103
"144" 179.444698500568 9.18673113886098 1.43064739064235 24.6545584056927 1104
"145" 173.768393014485 6.591648645853 1.57045695106181 27.3166140771345 1105
"146" 102.15170863294 67.3652828025348 6.09034796474401 327.703183815313 1107
"147" 171.807930452637 20.0335361725865 0.527339684392397 31.1721963784202 1108
"148" 153.250101170362 27.7975997337781 3.88733420274808 54.287494483416 1109
"149" 119.770056938088 35.9222545492133 11.0225993930774 22.3516259289597 1111
"150" 150.17107892839 13.8438957481835 0.749882213835936 21.5208714696642 1113
"151" 201.127465769795 3.9288268018252 0.519511809962197 22.429304148128 1114
"152" 166.27155478755 22.0593043315077 0.165583958146131 13.5177844828161 1115
"153" 167.931610897335 26.6024981035193 1.23832497534407 39.7045233148936 1116
"154" 125.110713390142 15.4519612712662 8.53352562784596 61.1764260478048 1117
"155" 143.902532713667 21.2622909356479 2.32514912591602 27.7207289395162 1119
"156" 148.741965606023 18.8941735443573 6.83881842126907 24.6759275499321 1121
"157" 116.772450692053 36.3233279252653 8.38390432533835 149.179460020886 1122
"158" 184.691807293291 7.05710593413894 1.26061389858471 29.4006329705619 1123
"159" 60.721821294795 100 37.1051550581311 35.8870119921112 1124
"160" 159.53866761984 3.71261927532199 3.65524961709857 42.3971480137483 1125
"161" 117.618591471376 33.7236255943704 18.2749925969578 37.8945431084973 1126
"162" 123.92999378946 22.6262905710795 3.76498014004332 50.8413497297928 1127
"163" 171.168371984119 14.1214402720292 0.889020101951018 39.2289478983701 1128
"164" 82.9757593200543 62.2572177541051 43.5478118135877 77.5803173635638 1129
"165" 131.817392104671 44.0372750707087 10.8348355528473 71.0399077606955 1130
"166" 141.761423851645 18.0775242478536 6.91107807136535 31.968189064763 1132
"167" 151.261488177157 12.7951935859381 2.36853817303971 49.6256065140814 1133
"168" 126.837013439048 29.8772401313586 5.69921161274736 54.2883563499793 1134
"169" 151.798573316497 3.69048979393595 5.22585975833463 33.9174739706117 1135
