"V1" "V2" "V3"
"1" 175.727281271753 10.2682061879727 3
"2" 247.245473801596 6.26564043762671 6
"3" 264.240518910952 1.60167106250105 8
"4" 267.828124539191 1.69677410467252 9
"5" 111.313808817875 46.5513693927502 13
"6" 215.835276873726 4.28995609701844 14
"7" 215.617441625533 5.76747699294808 16
"8" 272.142222300287 0.715586101104598 17
"9" 231.081369706913 3.90987614569375 23
"10" 263.921711672178 2.42773722050787 27
"11" 244.473224177488 2.81070068703127 28
"12" 262.387396062363 0.300611155817149 29
"13" 268.410767190432 1.75264376400283 30
"14" 204.335133437673 7.45928455472251 32
"15" 271.472739889452 1.76330580387302 33
"16" 190.963620047618 5.86652529039035 34
"17" 206.436660663373 5.89700980956893 36
"18" 244.683236632175 3.93322260825819 37
"19" 212.549370743513 6.1542603260365 39
"20" 170.469547725038 13.0845671574394 40
"21" 237.802988516802 3.53037125610131 43
"22" 226.384900984804 2.84553392501265 44
"23" 226.728664254652 2.8354719091208 47
"24" 283.581324643421 0.351730018692678 48
"25" 277.065552168489 1.40707678007622 51
"26" 197.754655669583 4.48409537801393 54
"27" 229.186965749431 8.57906194330484 55
"28" 261.532850707291 1.80217355597594 56
"29" 234.257296012873 3.17618829757978 58
"30" 275.124060026386 1.06933581676853 60
"31" 223.764744234424 2.52152425148306 61
"32" 268.996176359292 0.93976202204989 62
"33" 223.014383217846 2.98189761248207 63
"34" 239.52658409044 2.36166761472766 64
"35" 189.301222043873 12.4506736665932 65
"36" 284.319138825596 0.838014696397303 66
"37" 112.442624653567 27.8437203496178 67
"38" 251.051359921421 3.60851137721199 68
"39" 257.331274837931 1.34158667830517 70
"40" 258.737560135728 0.555586400284392 71
"41" 199.408689441577 7.42434862052178 73
"42" 225.29110229813 3.51423842637241 76
"43" 306.703801329032 0.527247940766612 79
"44" 239.030180758773 1.6190871873175 80
"45" 252.875930091491 1.41027521595886 83
"46" 179.087726452281 12.4941114359996 86
"47" 269.029410083013 2.82707137324108 87
"48" 274.269618138459 0.586243097600846 88
"49" 252.242677872191 1.1136374628443 90
"50" 235.995692237502 4.63996829943888 91
"51" 115.256530310847 29.2675551026101 93
"52" 280.393610033746 1.03317426141703 95
"53" 300.432726155317 0.637245411643028 96
"54" 262.860398726189 0.780465524890038 97
"55" 246.759259359433 3.5264496567656 98
"56" 206.606303392994 6.51108346495697 100
"57" 247.961880146572 4.19187453438729 104
"58" 294.397000769534 0.462972420478956 107
"59" 268.48576415688 1.3289500291204 111
"60" 239.128698877739 2.16153699679223 114
"61" 116.909741824415 4.44050750043121 115
"62" 165.021400134547 22.4741735924467 117
"63" 201.642425083917 7.82369679153749 118
"64" 240.582694990501 1.37123413807989 120
"65" 292.213952174925 0.305351693725482 124
"66" 255.890854596505 1.1754788306276 128
"67" 226.787846253768 3.23490370405924 130
"68" 209.336081879248 4.66594483527176 131
"69" 163.149857528225 1.83484175053533 1001
"70" 174.208593859085 1.91365991958493 1002
"71" 199.183718953779 0.101486067180432 1003
"72" 186.924376238685 0.402381635285215 1005
"73" 159.244637397832 2.74579670472617 1006
"74" 173.113107536947 1.07824180473416 1007
"75" 176.727839475711 3.02970970737384 1009
"76" 135.985486808975 2.660163504726 1010
"77" 161.026086435669 3.13581254226866 1012
"78" 154.47426671395 0.869972651526832 1013
"79" 163.135180637233 1.9458191789087 1014
"80" 194.593876487618 0.379617359598336 1015
"81" 203.716481073008 0.915019420803788 1017
"82" 156.242867241314 4.44776750542323 1018
"83" 185.555093363074 0.407520816967782 1019
"84" 175.222122685901 2.56838349319666 1020
"85" 129.176826734204 7.01159531958029 1023
"86" 162.945484399701 0.242344226245468 1024
"87" 138.981972349169 9.84986011475022 1025
"88" 208.614387974031 0.194125490968198 1026
"89" 144.634530813153 5.70116633493617 1027
"90" 171.77187557093 2.07841159470619 1030
"91" 168.703135683247 4.45047036205374 1033
"92" 132.165958345267 5.27046885498976 1035
"93" 174.988436198446 1.59464023296315 1036
"94" 175.280011059526 2.20870593997736 1038
"95" 138.509879069649 13.1352079793433 1040
"96" 190.750304322275 1.6426990908102 1042
"97" 167.417482330594 1.61125411125009 1043
"98" 194.812980382395 1.64428624561738 1044
"99" 140.89992471855 6.17856874904372 1045
"100" 146.296519735586 5.22075969411984 1047
"101" 142.374985873229 5.55100458896503 1048
"102" 98.1104114106316 24.6850043682675 1049
"103" 183.877276425314 0.906060544961898 1050
"104" 153.135206538803 3.61432094759188 1051
"105" 177.340532750317 2.3409855113346 1052
"106" 181.700516695119 1.20774665827983 1053
"107" 155.839482033852 2.21459412244973 1054
"108" 157.122237526736 5.63079933779094 1056
"109" 178.833731043818 1.31017653964038 1057
"110" 187.546821628006 0.614709646324296 1058
"111" 151.787412027125 2.4658239491045 1059
"112" 159.131788231259 2.49845490783356 1060
"113" 175.472717798225 2.59971526546728 1061
"114" 174.259013783138 2.06689121606775 1062
"115" 160.093752083243 1.48508847144809 1063
"116" 94.7144693503317 23.2294043043214 1064
"117" 160.935442397355 4.60782867057452 1067
"118" 223.405585230858 0.488466834660978 1068
"119" 154.360508090496 2.08969548736011 1069
"120" 85.7956375990412 52.4019313314809 1070
"121" 165.836579093544 2.71176971899453 1071
"122" 164.192798908718 3.64320934522049 1072
"123" 160.438972924334 1.84118367358669 1075
"124" 169.186569963286 0.405436742496257 1077
"125" 195.426535513428 0.730382623807026 1079
"126" 167.440050128887 1.66705120202162 1081
"127" 201.669690243712 0.435667987076355 1084
"128" 182.251159171433 0.730990130769916 1085
"129" 160.206048466531 1.64497286086631 1086
"130" 108.039717185051 20.3448075468384 1087
"131" 162.682503753533 0.711280057144761 1088
"132" 161.546323731828 3.05557050345188 1089
"133" 193.813121069967 0.485543326117544 1092
"134" 51.8462452561506 100 1093
"135" 182.185623171983 0.933702006743364 1094
"136" 124.804275395397 4.62476952009707 1095
"137" 214.837579940805 0.219947039138086 1097
"138" 148.177428920981 5.48828562845494 1098
"139" 197.723686670102 2.44487540724707 1099
"140" 158.535245790638 5.23833326239601 1100
"141" 172.548356739474 1.69803930155072 1101
"142" 134.788211463008 4.36338146412734 1102
"143" 144.402614958774 1.54651644401072 1103
"144" 174.352730959854 1.52469979843815 1104
"145" 157.893497241901 1.82422013376049 1105
"146" 196.383412372933 0.207081403043683 1107
"147" 140.178504188268 3.83645666140967 1108
"148" 163.986762606019 3.00342767489493 1109
"149" 166.607019761986 1.20496572639336 1111
"150" 133.011430717221 1.35147328767164 1113
"151" 155.937865743508 2.26924176707814 1114
"152" 109.894137019059 7.1537978853663 1115
"153" 193.143391717228 0.718926990597856 1116
"154" 126.075986088118 5.04101445846099 1117
"155" 140.629546264734 2.58230427780386 1119
"156" 153.69854679171 5.56999393656137 1121
"157" 160.648255344812 2.2724352432112 1122
"158" 178.429637445408 1.0664073251282 1123
"159" 148.507254985522 3.48785433993297 1124
"160" 169.577145701055 1.77981516148603 1125
"161" 166.827008019974 0.762828504107216 1126
"162" 150.805863747245 2.84375722690223 1127
"163" 128.639610486617 8.79311797531155 1128
"164" 162.501073026123 2.12158386452302 1129
"165" 82.7439063138585 60.4814822034686 1130
"166" 157.863873440265 3.41953964996133 1132
"167" 149.125068938708 1.82758552030393 1133
"168" 183.446797994666 0.292745223670425 1134
"169" 181.424393408014 0.1 1135
