"V1" "V2" "V3" "V4" "V5" "V6" "V7"
"1" 97.8931779906426 100 27.7282940435688 1 130.483385235204 0.66500952254474 3
"2" 227.280792868236 8.40717075090836 6.13738951306006 40.8592797289973 15.619702034031 0.416504829850914 6
"3" 167.883673412154 7.84757565738123 12.7148110144664 369.97581150574 1 0.552936523000721 8
"4" 117.018756057097 59.2514825013103 48.4006636410429 351.639441956815 500 0.763342308716658 9
"5" 73.3333063037047 68.6837931284574 100 500 492.491814302579 0.244100340120382 13
"6" 154.341078595964 39.3641000637431 23.9271571356147 500 173.175994603925 0.368908884896156 14
"7" 65.0241929411419 100 100 23.5265725722417 6.44124758487748 0.01 16
"8" 108.638736682328 74.9257390715594 45.5808247844111 500 417.465706354885 0.554216627270635 17
"9" 182.141144128639 15.525064102434 1.06134362793364 93.81391015072 5.83426346992582 0.757021701508499 23
"10" 149.572940368794 100 20.4538614788134 81.8490330958128 115.042532551405 0.671784811533572 27
"11" 137.848337437245 100 21.0800672547088 225.705151374207 83.9935522860157 0.618961091800312 28
"12" 117.377185313768 67.6659228296813 31.7128243278794 127.307847469276 500 0.503624307642668 29
"13" 86.486053142434 70.8389296062843 23.4386891755969 500 218.250475914528 0.190731655482843 30
"14" 123.081941512728 100 17.613154721454 500 303.841760347428 0.550788562981804 32
"15" 109.968336148944 100 63.7855834685093 104.955699240905 99.7692697430403 0.462716707348035 33
"16" 122.248350003537 100 20.6438350867674 43.2023589665119 226.869125956603 0.62878499751755 34
"17" 136.822939946885 100 55.8693191172174 181.579230074453 181.377952785557 0.58729622805508 36
"18" 118.436178828393 100 8.09972766107928 500 150.363244394566 0.360316108108685 37
"19" 109.413421923171 96.7965128078965 43.4167509549573 500 222.824502027764 0.533120881876579 39
"20" 106.169934491125 100 35.4775830033385 101.695559414692 246.030468986877 0.77165258578791 40
"21" 120.757575793349 78.1715719592366 32.1821876364023 500 394.609485032243 0.588428435692014 43
"22" 94.2950142995026 64.4671418965735 49.3127743571886 58.3230022600232 500 0.822137887174167 44
"23" 113.983751214116 66.9977412801283 32.3029853162794 500 441.02314155781 0.465114383006137 47
"24" 120.169517230187 100 88.9273961073563 75.7965345846924 350.044486567675 0.648253329074609 48
"25" 124.095633316047 6.06976871923592 44.9442076149317 500 415.758709046192 0.672508017039076 51
"26" 120.229036986973 100 100 203.243003579408 500 0.452829198759779 54
"27" 125.238603305146 100 24.3813325232848 220.158194858769 1 0.517268098961109 55
"28" 130.829135224738 100 9.45444372913361 500 412.851042673575 0.616455148271837 56
"29" 204.114179431696 87.7360229309782 3.86291038838179 90.3628084039153 123.694343496154 0.519952257333402 58
"30" 109.288132992775 100 54.7986470094378 18.6576082512227 312.093868044168 0.743759296851972 60
"31" 149.714806397699 46.493997217514 15.6364851863857 500 120.766961028735 0.640281545772305 61
"32" 124.108088049089 100 36.8526719114583 176.144349493902 498.431475148257 0.609621181106967 62
"33" 166.977878455835 44.2558488239088 13.7251752394809 266.059025195824 239.903155500954 0.611095903419342 63
"34" 142.365798382474 100 5.58363731691839 187.387405028764 34.2636464658271 0.662339422180766 64
"35" 127.03462506313 100 24.2448032469613 369.989015008087 152.249354272887 0.529760786295801 65
"36" 100.227453382382 100 39.1557577698069 28.5784756063691 424.916367420261 0.507823759599258 66
"37" 87.788473187687 100 16.436200046544 11.0972500522885 35.5608996041202 0.396028024097767 67
"38" 108.035251260199 92.5229546644987 13.203512974618 500 370.642276302806 0.314856338128488 68
"39" 138.012475345927 100 21.6628373908502 214.980746852854 136.954985261415 0.546872933696494 70
"40" 73.9942378216045 41.6785818398132 32.3744039203616 19.3410308973235 500 0.539345597781178 71
"41" 240.698054288363 6.50136306785428 1.61976821137361 121.946636442859 1 0.539296869681968 73
"42" 70.8507339531829 100 100 17.9468284073073 5.60929580011186 0.384951446418042 76
"43" 117.082197894135 100 18.1071503368782 171.390648690099 237.400584096028 0.32964832169829 79
"44" 103.283978071534 100 24.9863816022365 500 442.353887484911 0.397691147273084 80
"45" 174.553560233445 17.5820187209054 13.0163480338609 29.7678153789978 204.745397422869 0.667349278057537 83
"46" 109.708483501335 40.3568597777257 20.4139449271736 500 478.960510029818 0.416721286704648 86
"47" 141.468060534985 100 42.7572736531437 308.971506946611 15.1995707003151 0.577188344947484 87
"48" 130.060206339088 100 24.5939012584203 360.653232770431 80.8739423298849 0.724684741267195 88
"49" 118.08255623961 100 45.4778576342504 110.158079833322 416.599496754197 0.606884556434973 90
"50" 124.889416055458 100 6.25795135141581 459.505974490043 75.7294187000579 0.384810509836252 91
"51" 173.357366900115 35.0703513839954 10.8862445688739 117.602063255694 42.1255942068826 0.475222553880498 93
"52" 130.953549660738 100 9.20649585533163 268.054762133976 400.421111972677 0.594895254453501 95
"53" 189.568986118736 22.0102952802984 10.4520288768417 177.711714677742 88.333368769497 0.551287829526602 96
"54" 126.736099795817 100 11.2557091558736 500 421.921333103598 0.583040260722808 97
"55" 118.664835708837 38.5841431691567 23.2677559677309 500 85.9905108744301 0.469681213615525 98
"56" 139.317611889391 100 55.9986542528492 151.518966494432 192.362475111955 0.604321569292599 100
"57" 105.716031573922 100 45.5320697738708 28.3680691602918 103.269071726097 0.341177567782866 104
"58" 127.854159720909 100 26.4964276826423 303.122578413737 126.187900954177 0.535588007723023 107
"59" 111.378123710926 99.906722374129 27.6533874172926 500 284.134398567627 0.640954441477419 111
"60" 105.958803186112 20.6368527321364 50.7266717579393 46.9077147054769 500 0.435507449733093 114
"61" 101.681549724824 51.4709532859581 2.8311376744247 41.3462472482557 45.9398969330683 0.548366455148013 115
"62" 120.431538742269 100 26.1219396441319 366.696580516395 43.8233737985805 0.489103666130536 117
"63" 113.848350958587 100 33.5322142788831 53.6450747027486 127.551497138446 0.501335156290939 118
"64" 87.8697460861531 100 23.9746116380228 1 308.398470481033 0.816579219632889 120
"65" 119.322330218274 69.7636966156589 11.5843909483264 500 500 0.503692221784981 124
"66" 107.534044397349 45.7260694893299 32.2352027586147 83.2514676869723 500 0.768735273400915 128
"67" 143.085598819908 32.3926917112856 10.1343653447392 500 127.319659568811 0.548612617557519 130
"68" 107.555238429241 100 46.3436310809289 103.986854523004 88.8305425571312 0.294194054888769 131
"69" 80.8959488430312 100 25.192053293588 241.751891034835 148.624891177694 0.536669945387815 1001
"70" 117.326905859205 64.0362255139599 7.30625488958521 177.413959183154 151.309483092172 0.66326387013808 1002
"71" 77.2009978748793 11.7277320502247 40.607823933051 500 221.192442472098 0.515178311095263 1003
"72" 82.8463983951575 91.7985438525514 41.6918853680287 500 500 0.601661880675011 1005
"73" 82.8337455603607 63.633670431385 100 323.415646723586 281.911150087622 0.56580893361305 1006
"74" 71.3573933889378 100 27.979175085992 500 500 0.390260613886184 1007
"75" 82.3299209744892 57.3182051937661 31.2652168425022 500 500 0.479023146809535 1009
"76" 65.1060768064033 74.3231796216937 31.8655262945573 500 500 0.616795433466106 1010
"77" 81.2508906233812 55.0081060618253 74.8609927105327 500 500 0.692590691168857 1012
"78" 68.5281259732719 100 16.4529204820375 500 163.249792094005 0.757315180973504 1013
"79" 66.5756670587616 100 12.3015628961811 256.189925469264 6.0810070832213 0.840667853619337 1014
"80" 119.436625200662 36.8395774122365 13.1297268909965 500 1 0.451138122543669 1015
"81" 99.7623254808153 100 13.3549994742907 272.717378244091 44.177159252302 0.456997318617276 1017
"82" 113.136483928533 100 19.7314270514123 150.533728639749 372.78719152964 0.617810116297386 1018
"83" 73.8489957441731 18.8957628563333 16.7729613754303 500 104.653407124567 0.370895673756221 1019
"84" 88.6579686160836 79.4445370750783 35.3353206076954 500 329.464491306813 0.644884166556447 1020
"85" 84.7589429214846 100 26.6384475367723 167.470482362817 361.398521238966 0.460507855391098 1023
"86" 81.7990706964926 100 29.3358622766081 159.299726061782 204.840566334609 0.68963300403896 1024
"87" 117.193398524579 100 14.3191884010341 184.218330241615 226.849361108464 0.683476303225566 1025
"88" 63.4080873972741 95.0756534477323 27.8356230221376 500 500 0.331064725840895 1026
"89" 74.3141589471463 39.0855853132413 24.6328645537192 500 429.03488027194 0.376875575998056 1027
"90" 71.7934407667501 70.8741415463962 60.9409299523782 500 467.840337003907 0.471382261145932 1030
"91" 76.3207155699411 100 34.1716719798965 262.740484008648 500 0.526212033218943 1033
"92" 79.8558247340348 97.8152000780451 7.93905636875989 188.640634444173 500 0.585135444801433 1035
"93" 73.7639946430075 100 5.30798273605664 1 187.474848255317 0.711328260853216 1036
"94" 106.398692502855 100 32.4421122557689 323.653291104141 1 0.488228316419855 1038
"95" 66.9904123737763 98.7742965005555 25.1759342406365 500 413.560953919561 0.28328471018114 1040
"96" 61.1176416146005 100 24.3509796412365 3.16555346085357 351.694325239314 0.533657120587313 1042
"97" 89.8523706228109 100 33.9912689912226 111.628717968619 1 0.551490609185366 1043
"98" 136.685002207773 21.7734632270124 2.62920316192247 80.8889002850051 53.7899028746778 0.650191135066161 1044
"99" 78.5615006606379 100 10.0802009367008 84.3270820427594 397.209923851468 0.299304758245868 1045
"100" 88.8514304170728 100 18.9867070078542 104.182680333254 61.3754068994298 0.462973505169457 1047
"101" 82.9305626573805 89.3015756377935 35.3347913774061 500 212.77055269398 0.466478570176997 1048
"102" 75.6588859154445 100 39.6576955274631 152.17682487382 65.1318538592791 0.344000428991215 1049
"103" 87.4727484889981 58.1783445878118 7.77608732647238 500 211.474818913355 0.445605518293018 1050
"104" 70.7108625789405 100 6.241093779672 500 349.622598050457 0.688033320818128 1051
"105" 78.998342914042 100 51.5882472627028 107.426664732186 181.649857458802 0.324647491615762 1052
"106" 64.6165938206654 94.7532754318406 69.6261002678049 500 500 0.358438234724333 1053
"107" 79.1598234570058 100 17.0015843951662 276.393676888582 274.890390424226 0.59902312889493 1054
"108" 107.192222276646 100 12.7062320108139 277.271280810294 156.402874877459 0.40187417685845 1056
"109" 79.2815025660994 100 22.8225252918057 212.818575597144 40.4243318750177 0.741879233525032 1057
"110" 76.2233570498 100 33.4254724536431 245.888847081924 259.47566270514 0.369686934129085 1058
"111" 81.0447904935395 64.7634127301574 34.8962087358987 500 500 0.592513783895822 1059
"112" 80.6027489087034 71.3193425980311 88.08682646081 500 500 0.596873166849341 1060
"113" 125.331621250048 6.87350495022868 9.78796922002962 184.123036656345 1 0.518200695661182 1061
"114" 90.642769937729 100 16.0704170527415 59.1125046899436 133.876778661599 0.719899915483889 1062
"115" 63.7484957982366 100 59.1503067028041 500 500 0.320195781324407 1063
"116" 124.963144092067 65.0236531501057 1.52745770758728 184.118205444212 56.8255422321302 0.544970427935917 1064
"117" 108.071902138192 100 12.6628653070627 76.9573104682785 264.586198996082 0.520973904145896 1067
"118" 74.4245592476938 100 6.82148568880224 496.668526668868 149.957392464892 0.2343876933611 1068
"119" 83.0615895591437 100 15.2704532315377 163.738231487362 68.6184082816647 0.548605881158568 1069
"120" 107.830680171059 18.7285204369109 9.60254448287446 19.0284208374398 153.940829723692 0.711527401966678 1070
"121" 78.3541737783605 58.4225135889929 46.7056197486315 500 56.225998065319 0.41561778568556 1071
"122" 36.9320184076643 100 48.3802654644746 445.798550011934 339.826439566582 0.0338989070437593 1072
"123" 86.0053144598541 83.4571559275407 12.2619855378498 15.7130607967002 223.487519349931 0.653877541290822 1075
"124" 74.2586623282689 100 4.36599225509875 285.817135846516 186.654123318861 0.320213601717734 1077
"125" 75.360140211917 89.8656482086301 46.7468982698932 500 500 0.531591870443407 1079
"126" 68.215584577838 100 73.2996345308345 105.726445167303 1 0.248246115693255 1081
"127" 75.0635087756844 100 100 111.676701341433 437.352262576747 0.616141984771799 1084
"128" 81.9159452109375 11.3487708900976 58.8729388111044 500 241.045512103207 0.670071126623375 1085
"129" 87.7034028520319 100 25.4775433680539 222.019758923464 399.011482199612 0.555833383134362 1086
"130" 99.6719104534643 100 4.68378253043995 153.336887844545 276.526234623831 0.620811832159933 1087
"131" 116.834101266744 70.7825382056261 3.82830948553114 131.323621900147 105.561786202174 0.413619835841611 1088
"132" 99.554005819057 19.7690924427172 42.0944055725554 500 367.157556952113 0.478276202457944 1089
"133" 71.4946394720145 100 36.4050639314819 444.729038602934 172.049801219003 0.384675555447382 1092
"134" 100.644785952919 100 12.3854803206221 195.725493454494 148.816834996406 0.594843366023477 1093
"135" 104.624428653633 100 39.1180930780264 308.793810082235 339.236279684556 0.559136295281679 1094
"136" 71.0292138830343 49.6839203881142 32.1396137787924 50.3968439161893 500 0.601239232504176 1095
"137" 59.2522765975528 93.2900451980207 6.36781526164935 500 473.517865741609 0.150395370212937 1097
"138" 77.5540125646277 100 67.2182909953834 137.935057110726 500 0.718713566061014 1098
"139" 89.3843527945796 100 34.7443829428548 351.994590908655 282.327116996105 0.625387832175969 1099
"140" 64.9230911084235 63.9504143549753 55.3256585373925 139.231987707345 500 0.318958221662719 1100
"141" 97.6645913866855 16.567942359322 14.8931877926221 140.176089201449 79.8953417402321 0.795042099156059 1101
"142" 118.858770212024 24.3914679388208 1.93472901940057 100.545975256487 1 0.72944897726756 1102
"143" 79.6815135371554 30.5663319156096 18.7456083233162 500 500 0.627964383677925 1103
"144" 106.571947602239 46.2092263670332 9.68623065987786 168.976393764015 208.155044718331 0.65199787417756 1104
"145" 77.594234991671 95.468178497834 10.3421639698205 500 228.21793756337 0.66419607310648 1105
"146" 66.1750716302101 100 9.9651219695364 475.521669544428 84.6230576686884 0.193105479687857 1107
"147" 79.8539741920611 100 6.64200464533703 500 338.15526853707 0.658841272062545 1108
"148" 90.6767601145191 100 22.7519023978025 244.358964695761 201.985187907859 0.496053572918431 1109
"149" 63.6275010647603 100 22.5693066243034 26.3173261048363 268.982193482429 0.815749728748706 1111
"150" 118.239510804819 30.1658831251935 0.853612340449419 51.3248403262651 34.658827030609 0.61685360195442 1113
"151" 146.089630445321 7.36044511039539 0.928517268040796 121.37466843929 1 0.618045822475746 1114
"152" 76.9451012708843 100 1.5448267599843 500 174.172180983134 0.666406177175407 1115
"153" 95.2226195501886 100 7.73436381422364 51.0531587320167 307.306586989995 0.418416926952009 1116
"154" 70.9287857247149 100 34.267305904949 383.062877852084 209.690606915077 0.54799526136152 1117
"155" 116.204446026319 65.3432059042117 4.70031580991226 79.0172683001917 88.2766664642917 0.546427760480584 1119
"156" 131.436713532499 17.3013542383313 8.35212541216744 50.7140664371926 15.6831542752146 0.634994059997198 1121
"157" 75.5106784335549 100 21.8303126393506 360.579942988959 135.255607445219 0.34970803791589 1122
"158" 89.0888562173175 46.5428318313853 17.3897054684643 151.68748460988 500 0.521947056544742 1123
"159" 52.0283582215622 100 33.9842197951329 3.08785493760145 39.1191575262429 0.379786988256416 1124
"160" 76.6138009341914 38.0411905768565 51.3050438125911 500 499.50835122608 0.451710734690122 1125
"161" 63.9311183257835 100 61.3731692471829 43.4998459133638 198.596780798823 0.61317218677269 1126
"162" 91.0954594551461 100 12.7750797802438 309.94647526642 26.571152074691 0.502499903260628 1127
"163" 144.042838157114 28.9203773866662 3.32460806541398 179.90648501131 21.5827770216195 0.515045036019198 1128
"164" 59.1638139030251 100 78.5689989050111 97.0186104346764 82.2349031703389 0.211834703990325 1129
"165" 93.3237064272206 100 20.1773073224412 64.4895118869403 166.384280694172 0.478221006879614 1130
"166" 94.6756148688322 55.4021212680734 12.7118758912342 122.631567534937 69.1852811009856 0.736299985734495 1132
"167" 82.2006212410683 100 11.7021970496983 441.12708281589 133.815730993301 0.50988325030984 1133
"168" 76.0715794234303 100 20.3596910871173 104.438936389347 171.371172302866 0.506642146729413 1134
"169" 71.3338348801304 19.2335908971898 70.485614922424 500 500 0.495465349176039 1135
