"V1" "V2" "V3"
"1" 188.500682669103 22.7499503201802 3
"2" 243.279291479287 5.09327686845874 6
"3" 240.252714437578 1.96068336563693 8
"4" 242.057276644447 7.28544898694413 9
"5" 217.594453491687 4.52705402087767 13
"6" 250.373707440864 1.98045345429315 14
"7" 65.3301796096358 100 16
"8" 232.517875113167 3.44350618238631 17
"9" 325.311171517455 1.99052347373906 23
"10" 219.179690597771 13.711477681285 27
"11" 243.189349130986 7.45796275815865 28
"12" 256.089794531597 3.50644905123803 29
"13" 237.212072089211 1.66788482204593 30
"14" 279.606644207515 1.80656719170374 32
"15" 149.266742349107 31.3960685376632 33
"16" 229.031611136285 7.61704257924494 34
"17" 189.064151669882 12.5920652782686 36
"18" 290.861666270747 0.949029707473087 37
"19" 258.296052066934 4.31570232053564 39
"20" 206.019899380278 16.2588166582994 40
"21" 273.986686206574 2.57813010261741 43
"22" 197.863900134051 16.3168448237202 44
"23" 276.211507053496 1.95995523423278 47
"24" 183.949695946279 18.344954492381 48
"25" 284.70980739376 3.62836657193342 51
"26" 190.35622405626 7.76441065643761 54
"27" 206.229119828623 12.3560083026991 55
"28" 339.030560689198 0.769677345121825 56
"29" 291.821473445461 2.76779501779303 58
"30" 190.153954526469 24.0470856498371 60
"31" 269.625064274234 3.16974461057931 61
"32" 255.669750662618 4.69988475054928 62
"33" 283.275308933413 2.02864693061062 63
"34" 285.400562225968 3.87951375832277 64
"35" 246.959129091003 3.79106306813098 65
"36" 233.795654021881 7.28326419802943 66
"37" 126.91175776664 29.1047706576431 67
"38" 267.380530328285 0.963025279749158 68
"39" 223.474173434768 6.8440257450892 70
"40" 246.109549693378 3.27274795916301 71
"41" 287.881640374495 1.07605045658042 73
"42" 73.325346481727 100 76
"43" 253.176562119085 3.22437746062601 79
"44" 268.130047649982 1.51100131691265 80
"45" 257.89756494187 5.09307154283151 83
"46" 264.310928355662 1.31258178169683 86
"47" 189.649698695118 13.6780832354968 87
"48" 232.582685711238 7.61646942299269 88
"49" 220.049214378476 7.94862908790375 90
"50" 301.000684291305 0.636803171744327 91
"51" 216.341355053155 4.0729575536767 93
"52" 326.398206739028 1.43666631867593 95
"53" 274.047934977284 2.35983966838486 96
"54" 336.540418939345 0.793891621361981 97
"55" 277.478500976714 2.31952057119252 98
"56" 188.303782857936 17.6870958519029 100
"57" 150.362470406828 31.8177849360089 104
"58" 254.743373589836 4.88938080660245 107
"59" 275.563749648855 2.78109263693042 111
"60" 240.621763646594 3.91029490240863 114
"61" 175.887005003122 2.76226859971777 115
"62" 239.903559638387 5.81223640998344 117
"63" 180.428109816624 19.9561150262758 118
"64" 266.214230194221 9.01263275950998 120
"65" 309.074747706844 0.706158758012337 124
"66" 244.191607875738 8.13843725088678 128
"67" 277.230430383737 1.55313630923193 130
"68" 162.520922586456 22.3872656263708 131
"69" 170.364755500524 5.09974536983136 1001
"70" 214.388268487238 2.30101490644921 1002
"71" 174.400421229098 2.49781616292459 1003
"72" 208.477406015386 3.20449947046535 1005
"73" 143.912478861922 10.5454903879593 1006
"74" 166.220871376529 2.34266650807497 1007
"75" 171.517522384689 2.61778665969271 1009
"76" 167.885097374306 2.18378233327751 1010
"77" 154.527784132373 6.1426807738699 1012
"78" 184.287578474543 3.07316715378648 1013
"79" 141.1678607725 18.7602645955562 1014
"80" 182.327559099168 1.65673397725821 1015
"81" 170.711471683847 4.95960427966159 1017
"82" 168.968039703797 5.72295471114888 1018
"83" 156.996425781089 1.46997253006787 1019
"84" 187.561875442089 3.76244506695319 1020
"85" 172.451590873743 3.64700539289739 1023
"86" 141.364634893523 10.2046156470537 1024
"87" 174.92194449607 6.56143674635856 1025
"88" 184.762492734461 1.39842418750381 1026
"89" 175.019588586493 1.55941995409642 1027
"90" 165.245818290099 3.77327342185573 1030
"91" 174.914382143795 3.16512187699736 1033
"92" 192.714259993576 1.45215280488462 1035
"93" 213.163066366874 2.78396605931026 1036
"94" 132.988617002976 11.3452092233847 1038
"95" 173.432953091699 1.76062877657631 1040
"96" 172.817209368291 6.11488920597275 1042
"97" 108.951242413049 43.2625055965733 1043
"98" 211.571700484539 1.58373913288507 1044
"99" 201.074825847348 1.56006345102597 1045
"100" 148.257055491941 11.9791087342063 1047
"101" 170.731023709933 3.47299986161329 1048
"102" 120.971549540986 16.0076807544412 1049
"103" 202.35342938233 0.726808481080791 1050
"104" 223.065489766485 0.80152225677213 1051
"105" 127.286200733927 14.6239136276764 1052
"106" 153.520739468532 4.04605051170144 1053
"107" 166.5551103316 4.39352692883811 1054
"108" 193.919010643306 2.18097921586633 1056
"109" 140.184167074946 14.7849104580138 1057
"110" 162.071732247276 4.57648632091332 1058
"111" 168.965881986509 2.95257934375701 1059
"112" 154.022903540174 6.12655650053231 1060
"113" 159.933449324929 2.7613266998024 1061
"114" 182.995007232384 7.69936096653838 1062
"115" 151.870191317194 3.5331149791696 1063
"116" 220.463086497249 0.515097202103892 1064
"117" 166.335975296385 6.60259832706545 1067
"118" 204.304939435623 0.598479259273866 1068
"119" 145.554489861104 8.03586039351077 1069
"120" 191.498577290436 4.36562624238124 1070
"121" 150.402969796632 5.26252999497497 1071
"122" 152.644569117702 3.29926522182558 1072
"123" 162.4632645309 5.24517801046022 1075
"124" 190.14701398592 0.609280494378093 1077
"125" 185.588570845896 3.2028742509379 1079
"126" 83.568289703965 63.630761847202 1081
"127" 132.641121678247 15.9521127300879 1084
"128" 175.348654791497 5.37934021457288 1085
"129" 162.912109952884 5.19645232897248 1086
"130" 190.94853853167 1.37386127741148 1087
"131" 191.229606602472 1.01942624080897 1088
"132" 175.224792348063 2.33199846005156 1089
"133" 160.096477219923 3.99721076804939 1092
"134" 195.927959032501 3.27709139319561 1093
"135" 163.053460645895 5.80725097877237 1094
"136" 151.734282183936 4.10341086380894 1095
"137" 205.120494573652 0.324115205540291 1097
"138" 156.639608732095 12.1507737977558 1098
"139" 166.729524058133 6.3945994438258 1099
"140" 149.69266196118 5.455151809395 1100
"141" 163.107992396171 8.74548446792687 1101
"142" 208.367089961681 1.94340743806227 1102
"143" 170.942720008517 1.49354067092087 1103
"144" 197.531741033802 2.24181665856961 1104
"145" 184.754835708727 2.22326490384649 1105
"146" 186.468393742214 0.9346112581467 1107
"147" 216.173737587357 0.653287179018658 1108
"148" 185.796450942919 4.12508385437173 1109
"149" 128.62086161137 20.0445512021739 1111
"150" 180.881332683562 1.16970436287743 1113
"151" 211.361191092404 0.685021077603248 1114
"152" 255.054862778427 0.32367598759207 1115
"153" 217.266592222761 1.33064752197772 1116
"154" 133.63233215433 6.5870528960377 1117
"155" 175.055383420632 4.01118848868173 1119
"156" 155.389102431341 10.6682800632614 1121
"157" 158.078845940039 3.0370103639278 1122
"158" 198.298933372335 1.52669453751092 1123
"159" 68.9646659621615 94.7427520724168 1124
"160" 163.052282102001 2.62277731173197 1125
"161" 119.96558230309 22.6475122262969 1126
"162" 147.963875448112 4.28031167801795 1127
"163" 204.835720893606 0.931633845886467 1128
"164" 90.5319118069503 27.120901724993 1129
"165" 151.876270157696 10.9892407261815 1130
"166" 147.686654210838 9.21658857394294 1132
"167" 169.399763248626 2.06699461062367 1133
"168" 150.619096475748 6.42598714235027 1134
"169" 153.439053677434 3.86701622670995 1135
