"V1" "V2" "V3" "V4" "V5" "V6" "V7"
"1" 75.3010246737555 100 29.7219854781818 207.783813185209 1 0.01 3
"2" 97.7606740421231 100 4.30572274566188 332.848314738945 1 0.01 6
"3" 69.2727128751326 100 54.1092045952624 69.2567665398174 1.03461734477846 0.01 8
"4" 91.0872098711532 100 17.4255611716166 198.665861046921 2.70834597080674 0.01 9
"5" 46.7696914832164 100 83.9823024869144 491.588183873983 1 0.01 13
"6" 93.9662420349 100 16.8779839726935 162.822037579057 1 0.01 14
"7" 64.6407432115008 95.9542220477451 26.2265988984284 500 31.9379729225528 0.01 16
"8" 66.0172163014702 100 19.4748866956059 440.544347643505 3.84971513752047 0.01 17
"9" 66.1134897886238 52.5379202912016 35.1032053841362 500 72.3049506001736 0.01 23
"10" 78.2067800486019 100 18.9013514789447 377.312670541559 1 0.01 27
"11" 95.026292097325 100 12.6229837432716 210.293984114765 1 0.01 28
"12" 81.4957856673154 18.5687728989893 7.04656748392009 500 148.360194583832 0.01 29
"13" 88.5102494167335 100 21.2731692698784 99.1081665298369 1 0.01 30
"14" 92.3287664830051 100 18.8692697111068 136.741509800541 1.70787226523211 0.01 32
"15" 85.5354507301152 75.8511033751582 2.8871628680928 500 72.2534316856418 0.01 33
"16" 59.3213018609321 100 30.7665549736113 448.26465741586 8.30542523836673 0.01 34
"17" 49.0730438326698 100 100 384.58086179106 2.62950435577414 0.01 36
"18" 86.8110181115401 100 6.69233101050045 456.432185980828 8.58694069209742 0.01 37
"19" 97.6624385258761 100 8.73496881626007 267.634696883234 2.49112370325035 0.01 39
"20" 89.9077094492826 100 12.4378828477624 272.261666313673 1 0.01 40
"21" 78.7686901525047 36.427607916051 18.5306079889171 500 57.5205532871537 0.01 43
"22" 120.352694092869 100 4.16016100167676 104.696322307155 1.33983650123702 0.01 44
"23" 84.2877622234806 100 26.6122600911358 165.501368463635 1 0.01 47
"24" 104.224925313535 100 7.44191964689696 203.573358014059 1 0.01 48
"25" 82.60991910086 100 18.9934467869549 275.660339053993 6.91880926532956 0.01 51
"26" 90.6421914995846 100 12.7702340115829 142.176155605899 1 0.01 54
"27" 132.493769644499 100 2.27350901219286 105.785662680211 4.14155524778447 0.01 55
"28" 76.5812077202678 16.2955252152818 27.9599674887153 500 72.9528996198136 0.01 56
"29" 97.2848583933183 100 8.445217747433 263.17357796117 3.13960958317254 0.01 58
"30" 71.7075342729035 75.3790691762641 19.4300652278858 500 57.4054684891325 0.01 60
"31" 88.2381603085345 100 11.0603511833739 288.92370569612 1 0.01 61
"32" 79.7291635028736 100 56.7956347441636 54.0687231121654 1 0.01 62
"33" 80.6341240292133 73.1161597182888 8.24525120811214 500 50.285968010853 0.01 63
"34" 89.8532432453597 100 9.25020553495002 382.881659727855 1 0.01 64
"35" 74.16210076826 32.5011796052672 24.950866679168 500 45.4975719404744 0.01 65
"36" 92.904587416395 100 21.1757747188524 93.3308049585188 2.03266065839578 0.01 66
"37" 58.0257442971593 60.5053535335622 18.9828125772314 500 76.6730434167045 0.01 67
"38" 86.1965647743681 100 15.3559984413702 298.989131792365 1.46080164758729 0.01 68
"39" 99.4380180284958 100 14.7961853661763 93.662887978755 3.08941984001014 0.01 70
"40" 75.6120298793706 25.9341265781366 13.8166483411109 500 58.8291636141232 0.01 71
"41" 101.522703151938 100 1.28525445396816 374.250949622032 1 0.01 73
"42" 123.557072171275 100 1.54876194168463 203.794816023627 1 0.01 76
"43" 69.6879582981667 100 41.5946938964185 271.859052998102 1 0.01 79
"44" 95.8387646405148 100 7.63191699710254 289.922699866601 1 0.01 80
"45" 69.3595880719442 100 29.5190206629866 364.80047995577 3.36796075218418 0.01 83
"46" 74.4258967326779 100 21.0131085754629 359.157848539386 1 0.01 86
"47" 85.4522493309995 100 13.8017008509372 291.720150396346 1 0.01 87
"48" 66.209389608297 100 26.2735392599832 452.731029896549 1 0.01 88
"49" 78.7639596287495 100 16.7697867508964 331.990134594104 5.22837770360905 0.01 90
"50" 75.8029578833126 100 18.4700516383814 427.616429625561 1 0.01 91
"51" 57.1163281883037 100 24.4069617305787 500 1.61970217174835 0.01 93
"52" 81.847808470961 100 54.6512425114818 55.4346279836513 1 0.01 95
"53" 66.3967608590675 21.1593753765372 49.6172904630906 500 69.1585777125032 0.01 96
"54" 77.6597370981546 100 17.760292453658 396.932455889624 1 0.01 97
"55" 97.8759514300894 100 7.61295048340495 299.239080495302 1 0.01 98
"56" 78.9128866803126 100 17.3727391896324 394.945638626329 1 0.01 100
"57" 62.4905475072293 70.879424969644 31.5339377412424 500 39.7978807163934 0.01 104
"58" 69.2648403392816 100 22.1700714867019 447.806940177146 6.23863796965645 0.01 107
"59" 95.9504349773087 100 5.52058272836833 315.323645122911 1 0.01 111
"60" 70.2109371466732 100 12.9741262185431 500 38.1672334549319 0.01 114
"61" 41.5905817084226 100 16.3546509026902 215.215258398258 1 0.01 115
"62" 68.1802769026507 100 27.2987727280842 468.032272839933 1 0.01 117
"63" 90.7162577365616 100 6.95012644895131 365.246142450226 1 0.01 118
"64" 88.4216450049501 100 1.85476557408307 500 1 0.01 120
"65" 83.6604810967317 100 60.5935164535942 52.7039820970882 1 0.01 124
"66" 100.207021107352 100 16.2756319533387 60.8269411226566 1 0.01 128
"67" 119.157953327847 100 6.9118110228118 101.194721222148 1 0.01 130
"68" 86.2894264245832 100 11.8132733186623 336.65060870283 8.7384657522896 0.01 131
"69" 62.9080554058619 100 8.23312721801899 291.086713040216 1 0.01 1001
"70" 56.3615683165097 100 20.8389337116977 280.791520635375 1 0.01 1002
"71" 48.977604134445 7.09535145642589 21.3768023494862 500 97.2492251996373 0.01 1003
"72" 67.1896003752128 100 3.60076553207913 354.937266249212 1 0.01 1005
"73" 50.9837885437528 100 22.1559743899874 380.931122298796 1 0.01 1006
"74" 58.5807719025733 100 18.8872655247951 167.853088733943 1 0.01 1007
"75" 74.132024493021 100 7.21996265639671 157.280761232603 1.44901551668475 0.01 1009
"76" 56.570671040269 100 5.48054465998152 346.079317200523 1 0.01 1010
"77" 71.844653370784 100 12.6467200106234 97.855280858374 6.0071555758817 0.01 1012
"78" 73.3803791024064 100 2.69092047057061 154.849042765381 11.6666472985126 0.01 1013
"79" 53.4130826536755 36.0736790620949 18.2361243255424 500 55.6301252581488 0.01 1014
"80" 51.8374879946751 71.9515080506173 17.9660273292688 500 44.5615932515526 0.01 1015
"81" 60.2235542556454 100 12.7686268730495 351.940898546002 2.00991248687636 0.01 1017
"82" 66.6235584105105 100 16.0678205581982 141.780740487681 2.59833197305486 0.01 1018
"83" 60.8891775766674 100 2.80042462969788 349.398675169393 2.49871134962824 0.01 1019
"84" 71.0403068479385 100 10.2522007879442 138.458885690418 3.85156830002916 0.01 1020
"85" 53.6521071040254 20.539960289401 18.142796138376 500 77.5642776274 0.01 1023
"86" 57.3837506516928 100 5.24832408544666 342.174782195659 1 0.01 1024
"87" 38.9629401440818 100 55.7913308589503 500 46.5800787849399 0.01 1025
"88" 53.9682128902327 28.4119132426727 15.7925732875995 500 66.1656655703756 0.01 1026
"89" 61.8331895536123 100 12.706825955924 274.775681834193 2.00766219821213 0.01 1027
"90" 57.309028706052 99.0753905438433 5.13435944957768 500 68.3865325337408 0.01 1030
"91" 65.6366548389592 100 9.56717374841742 201.28055204166 1 0.01 1033
"92" 63.2026998993758 100 8.70522911690614 216.671990745862 7.75281158036796 0.01 1035
"93" 54.5225194157728 15.6625739314293 19.7469447914985 500 60.9639464656552 0.01 1036
"94" 51.3268422503289 52.3597307844591 18.9841559010609 500 48.0941056846446 0.01 1038
"95" 56.9131650416363 100 68.5930548945574 49.7831956386719 1.35623987390082 0.01 1040
"96" 50.9684979630266 43.9469163455326 20.8840730306659 500 60.1857605017478 0.01 1042
"97" 45.1399699092416 100 30.438359742304 500 3.83175945866972 0.01 1043
"98" 42.3143494101667 77.1843324535202 51.2698158957328 500 40.7579809045685 0.01 1044
"99" 76.2630244463706 100 4.02953030022145 202.110299924362 1 0.01 1045
"100" 51.2042937023104 100 28.4027353882844 273.391989621657 1 0.01 1047
"101" 77.0165659937573 100 10.493833314168 101.443093512713 1 0.01 1048
"102" 48.6083911097211 100 19.9018358691633 432.73031245035 1 0.01 1049
"103" 50.3858291813344 100 27.8335764457637 325.699968733038 12.0920888389498 0.01 1050
"104" 51.4665163907624 100 22.3290246056138 242.932042910691 1 0.01 1051
"105" 49.699748397884 68.5425127121272 23.5783027648049 500 46.0958913948148 0.01 1052
"106" 46.7932385346176 15.8586134322827 36.648618794078 500 65.7518566574849 0.01 1053
"107" 92.654033164654 100 2.19211923188486 102.94390000386 1 0.01 1054
"108" 51.8706938694444 100 16.8138774333776 500 34.2841686042394 0.01 1056
"109" 57.1945622052905 100 54.5811429370934 56.7798654168576 1.34002039499883 0.01 1057
"110" 71.6072510599836 100 10.5640809314722 169.263931542997 1 0.01 1058
"111" 58.8038744031733 100 5.42679493690451 446.963282345738 6.28768790435544 0.01 1059
"112" 78.6567795818624 100 1.35593952649039 244.331937150045 1 0.01 1060
"113" 31.0300193423298 100 73.2131961080959 432.363860807186 1 0.01 1061
"114" 63.1837798345796 100 18.8412379611027 183.02624389067 8.69014501263625 0.01 1062
"115" 59.0939325844029 100 19.1871520376797 187.905083482792 1 0.01 1063
"116" 59.3653912459795 100 11.8242352594915 233.46426414152 1 0.01 1064
"117" 61.2636249589376 100 10.0790658399497 389.067617511138 1 0.01 1067
"118" 52.2136364944136 19.9727941057297 19.6751728851403 500 70.3157906180953 0.01 1068
"119" 49.7287083879975 100 31.285516070623 157.492968962395 3.85148012177124 0.01 1069
"120" 52.9799039199769 56.7763247440345 11.7537255865774 500 44.312069869326 0.01 1070
"121" 75.1218855120999 100 3.04108703271714 253.164588780342 1 0.01 1071
"122" 50.6861631445529 100 13.7225301507373 500 2.10533309523679 0.01 1072
"123" 53.5086147799675 100 25.7535212066458 192.288655988559 4.48601083209788 0.01 1075
"124" 55.6726114537606 100 6.66990534997623 359.903423278816 1.79598947675619 0.01 1077
"125" 64.488568460364 100 10.3072310991714 215.172237096515 1 0.01 1079
"126" 51.5794923865291 99.7253032762981 13.3451395320746 500 34.0147763392017 0.01 1081
"127" 85.1035316339599 100 8.21949790705792 65.8856444802612 1 0.01 1084
"128" 60.1568477867207 28.2565844649067 3.68651535851365 500 114.882978912058 0.01 1085
"129" 50.6494650413782 100 19.5009701544245 414.684445549106 8.18836184759016 0.01 1086
"130" 54.1305504409365 100 25.8175509960057 134.115373134393 1 0.01 1087
"131" 57.3668091664102 100 10.5159026105166 295.190350015267 1 0.01 1088
"132" 61.3245237690578 100 9.83252303649646 396.716117097398 1 0.01 1089
"133" 55.3718585407061 100 51.3993156126148 55.5384921132727 2.13816760239509 0.01 1092
"134" 61.1096242869476 100 19.9110027491183 226.225588428846 2.75450753086424 0.01 1093
"135" 82.6414322905447 100 2.44298071806316 202.550544005265 5.11829561383327 0.01 1094
"136" 57.197334876647 100 13.4464783361208 199.68720214542 1 0.01 1095
"137" 50.1507071916637 94.7572813191122 13.3184211606363 500 46.810856095797 0.01 1097
"138" 53.3954458978516 25.9719483446657 23.8897062389578 500 57.6404300107567 0.01 1098
"139" 51.3802398517623 100 21.5167903029107 355.054755652992 1 0.01 1099
"140" 55.9202539024952 100 4.48456530379633 443.706536094494 1 0.01 1100
"141" 56.6880256214155 27.0013217181063 10.6466536012404 500 66.0001223799993 0.01 1101
"142" 63.5870806426579 100 9.46398930742881 198.648751788346 1.89716566223429 0.01 1102
"143" 53.9822237312432 100 25.9643808080305 121.972122647386 3.73680947929202 0.01 1103
"144" 65.1571514057591 100 17.1292038812794 119.350065252696 3.46229418182615 0.01 1104
"145" 59.0643770952432 100 13.3482989222462 183.196740405167 1 0.01 1105
"146" 64.3700107412758 100 16.8460960029426 98.6015028821873 4.48088157903973 0.01 1107
"147" 57.7140687800646 100 17.7259897338514 166.678704819514 1 0.01 1108
"148" 56.2640646800132 100 22.8545626686845 262.426103894333 9.80102538676463 0.01 1109
"149" 56.5304184268005 100 15.6500486585496 184.288989292382 2.12183093238625 0.01 1111
"150" 61.0675461044316 100 2.43572009679929 227.382194936144 3.14242025114872 0.01 1113
"151" 53.959860689006 18.3797299709488 15.8245410790485 500 82.6628321213267 0.01 1114
"152" 51.1410483756202 100 3.6349834283729 439.493972129232 2.46973722036301 0.01 1115
"153" 51.9948313447643 100 17.2334221356146 385.906153023816 1 0.01 1116
"154" 50.6264731502982 100 13.4172950752682 291.965965954124 1 0.01 1117
"155" 80.1634091454428 100 2.15633167007852 94.0436912600382 1 0.01 1119
"156" 39.7457821768009 76.8014682450776 61.5050336972372 500 31.6646687902007 0.01 1121
"157" 59.2705943337316 100 10.3708671063845 295.155330924772 1 0.01 1122
"158" 43.4461478469605 100 48.9672527511716 274.12668600667 1 0.01 1123
"159" 47.1042926314665 21.6572949038245 19.1280443065442 500 48.5091650488326 0.01 1124
"160" 56.3525236043653 100 10.9969032024493 323.77369869906 10.2432627402787 0.01 1125
"161" 43.2572286723421 67.2520719122852 35.2749241134846 500 39.8063422591278 0.01 1126
"162" 44.0701976288146 100 14.3164850995281 374.944969430821 1 0.01 1127
"163" 41.6293196511764 100 24.9362821212328 500 38.0471160884078 0.01 1128
"164" 36.0662143750892 91.3303544343993 34.065236417089 500 34.2370679923374 0.01 1129
"165" 55.3671071027233 100 27.12883974528 288.171096090423 1 0.01 1130
"166" 40.8109250609785 41.1848972217336 40.0927218888376 500 43.1789882196522 0.01 1132
"167" 40.2560494567587 100 35.8111441941282 436.659988835768 1 0.01 1133
"168" 63.9808195873836 100 6.68872492281732 186.029881566577 1 0.01 1134
"169" 51.6174187147163 100 15.1175433077914 287.710196416142 3.96724776086666 0.01 1135
