"V1" "V2" "V3" "V4" "V5" "V6"
"1" 54.6624313884325 69.8448651354929 72.3654117227793 500 44.2846657420087 3
"2" 45.6321924107939 100 100 315.862603375394 4.83410488267036 6
"3" 41.2507352198 92.8239842294032 91.8581254058283 500 37.3992382693906 8
"4" 51.4799987237976 100 100 315.235624298159 1 9
"5" 48.3664611716267 100 100 273.156404376876 1.55507197473106 13
"6" 79.3014118509966 18.1650867352036 18.9213546336329 500 64.1603133362328 14
"7" 48.3811232786643 100 100 482.012097878362 1 16
"8" 45.8779012521116 100 100 315.590551652114 1 17
"9" 50.3405911419612 100 100 453.403903329149 11.7429780391315 23
"10" 46.9771846899764 100 90.7483223591821 500 35.8640043508684 27
"11" 52.6481478525813 100 100 275.508706114148 1 28
"12" 41.0792995359549 100 91.956559111009 500 26.9818504850798 29
"13" 47.5318691359831 100 100 353.520781196169 1.3487745598017 30
"14" 49.3933618525797 100 100 448.230094350803 1 32
"15" 69.659819336074 30.2237093004609 31.288171166129 500 55.7006233428446 33
"16" 46.0384780816596 100 100 283.266166473942 1 34
"17" 53.4234982873339 58.8071263214978 57.4508583926464 500 54.5808206035698 36
"18" 77.9929148190643 18.4789449470894 19.7003257018577 500 66.1060340971354 37
"19" 52.8593148339233 76.7591883537797 79.3377417672367 500 54.1107596256286 39
"20" 52.9492081083123 100 100 272.459528466986 1 40
"21" 51.6951058650686 100 100 312.404475454718 1 43
"22" 46.337641473691 100 100 346.512080590391 4.3481972447105 44
"23" 50.6124945295123 99.3395678627714 100 407.023259338174 1 47
"24" 50.6749424051561 100 100 275.745609317098 1 48
"25" 51.4854336583537 100 100 374.067726810519 10.7625000507035 51
"26" 46.8270411465133 100 100 352.254889600508 1 54
"27" 48.2059944986317 100 100 457.501794694005 10.8860317124352 55
"28" 50.6675985494684 100 100 426.004069784961 1 56
"29" 54.8702457361711 68.9402123049525 71.3972389292831 500 51.5852487900534 58
"30" 65.0037458259692 40.2192111184069 40.6382327291265 500 69.7389925967327 60
"31" 49.4986730704743 100 100 271.286696499585 1 61
"32" 49.8956327453542 100 100 287.22530483163 1 62
"33" 49.0178637232406 100 100 360.33191547411 2.91741960380309 63
"34" 52.2484096165376 100 100 327.57434178551 1 64
"35" 81.2353972989272 16.0722075873653 15.4238797976158 500 63.4616812895563 65
"36" 44.6772402356688 100 91.4982513256214 500 30.3922229325406 66
"37" 35.9215405998053 100 100 325.351415931863 4.23646166655382 67
"38" 57.4387662082841 56.9768045445146 56.2999826494205 500 53.8597191598723 68
"39" 51.1732230855356 72.015118677263 80.3909641006207 500 47.9951431373512 70
"40" 49.9318859167912 59.324602646166 57.9565875521896 500 65.1445116604871 71
"41" 64.883757535013 39.0994380870057 38.7239575976559 500 52.1666751498457 73
"42" 46.4599611563732 92.172711944797 94.7008001234573 500 36.0071192011643 76
"43" 45.4970697941183 95.9440054516867 97.5932354821772 500 58.8619466070765 79
"44" 46.4985152865591 82.4095840377347 95.6617533011774 500 61.7320859659318 80
"45" 62.6434739836939 41.611712557702 43.8692210822202 500 58.6787625887368 83
"46" 64.2713398597406 39.8211374879563 39.3519027793633 500 52.9481127957458 86
"47" 56.9787384331001 57.2406046448195 58.0492527318269 500 48.1083524044254 87
"48" 45.166981899873 100 90.7823894964643 500 33.0575848622217 88
"49" 55.5879425344288 66.1316653288127 67.7051697295067 500 58.3445560718003 90
"50" 50.8151843877565 100 100 314.271189297543 1.10213211079794 91
"51" 65.7998376884651 18.6812961362584 20.5282897795573 500 73.8712119895466 93
"52" 45.3117400732524 100 94.6580972141844 500 35.9618577564575 95
"53" 49.9042254359513 100 100 328.343577340412 1 96
"54" 65.3236950785857 37.9753240669663 37.3491684672808 500 77.6791152145336 97
"55" 50.8655853658629 100 100 474.411381348539 1.69367718597683 98
"56" 60.9185989995365 53.9236641578555 58.4688531327517 500 65.6353713052614 100
"57" 64.0841843979199 36.4433997976149 35.5052619529618 500 55.9074495342529 104
"58" 48.9730585714663 100 100 324.437424565849 8.08272837581191 107
"59" 49.785857615087 100 100 313.415705265159 1 111
"60" 47.3108199049927 87.8257605770466 91.827765635984 500 40.4006434156125 114
"61" 24.4320389515738 100 100 391.656163607628 1 115
"62" 72.0782054908982 30.0242653483992 31.7190921806834 500 47.7799483632605 117
"63" 46.9056130159394 85.0354305733182 91.5832738858714 500 32.1891893375058 118
"64" 54.8132732525788 67.1706850923488 65.6665628780243 500 39.3864896374291 120
"65" 50.0903477268768 100 100 329.72902479875 1 124
"66" 44.1726792810792 100 90.76174031646 500 35.3488141332988 128
"67" 49.4021773181455 100 100 329.339974669096 1 130
"68" 48.0404352693024 100 100 327.785321204797 1 131
"69" 33.9175402080869 100 100 334.964823722712 1 1001
"70" 31.2623266662274 99.9924700701641 98.0397194361241 500 65.8328027059062 1002
"71" 31.1594584520292 100 100 331.766971441708 2.08511641381211 1003
"72" 33.6553182498559 98.5196734732142 100 397.201386875193 5.5907266928706 1005
"73" 34.292453832998 100 100 347.641060268204 1 1006
"74" 58.8170707670782 8.100288194112 10.9339674013732 500 78.5773378058713 1007
"75" 31.5417646143145 100 90.9004138831628 500 40.910937494775 1009
"76" 32.0552352720937 61.7668067970181 57.5914233054972 500 73.8069697247722 1010
"77" 32.4086751687264 87.481837169369 90.6524101002847 500 36.6851529880622 1012
"78" 25.4046058489178 100 100 407.185176356639 1 1013
"79" 34.2699988353127 79.0460737739773 88.7412190524539 500 42.3901128695062 1014
"80" 49.4716761939869 29.5918963516586 32.2294802424543 500 39.6514696448475 1015
"81" 41.6644821300622 61.9236629169981 59.0605909876501 500 80.3853272473785 1017
"82" 36.5732026126947 100 100 379.11298280586 2.86211563105133 1018
"83" 28.6261854411811 91.8472573106875 90.5905421073535 500 41.5343254329905 1019
"84" 32.6445582900007 100 100 335.106170806928 1 1020
"85" 45.9269240546163 30.5269293939087 32.9718166811358 500 62.5331214082188 1023
"86" 27.5121635137347 97.6964975439423 93.3371439527705 500 54.2094372631223 1024
"87" 36.9579344687516 100 100 273.431524383533 1 1025
"88" 32.8330736435422 100 100 313.682852769915 6.48031558040368 1026
"89" 36.2464513377192 100 100 319.203107122405 5.83701056390306 1027
"90" 40.8242899787034 43.9877646136317 47.7993455120203 500 56.3097562565421 1030
"91" 43.8624673909666 36.2537940180802 35.6662256590614 500 52.8534076362414 1033
"92" 29.1593220080185 98.7044100022174 100 379.854393436302 1 1035
"93" 33.9118248699441 82.7801044768881 96.2267166884058 500 57.0219166098335 1036
"94" 34.8771021748686 100 100 393.445141506582 1 1038
"95" 36.8800879974314 73.0930668421746 78.60432288987 500 44.5593682342853 1040
"96" 40.4198605065792 51.5066830155437 54.2181426313746 500 67.0713920741494 1042
"97" 36.2674777656177 100 100 327.651550955775 6.00279505653431 1043
"98" 51.2882845255579 29.4290528273511 28.0038341857925 500 81.6715699715463 1044
"99" 30.2127362511443 100 93.1554695385815 500 48.4813380803754 1045
"100" 34.4786069071706 100 100 454.842899889308 15.2429303761916 1047
"101" 34.4957222276028 100 100 416.387835485318 3.73799496085297 1048
"102" 30.7959157014862 75.5693454003031 92.434888755613 500 48.3409785161685 1049
"103" 32.249239427706 100 89.5620280949915 500 35.8084670240865 1050
"104" 33.9118142681313 100 100 280.254021190977 1 1051
"105" 32.3680319657259 100 90.4249495354333 500 28.395889878657 1052
"106" 34.283092703422 100 100 316.806819505961 1 1053
"107" 35.2510588025649 100 100 280.740593920301 11.4863717767528 1054
"108" 36.1234715912619 100 100 412.728614320476 1 1056
"109" 31.2200349339927 94.3474002971152 92.7050279422613 500 46.65097491483 1057
"110" 46.1035057737442 37.7007511356195 37.9505407053954 500 36.5254037842702 1058
"111" 33.8074764821821 100 100 284.492532298513 1 1059
"112" 37.3585221812767 72.8299747829389 68.201356883125 500 34.6058057273879 1060
"113" 47.0137738221786 22.7175691887458 23.8915808989772 500 56.7711046277158 1061
"114" 37.820242519202 100 100 271.868956337642 4.27429903900028 1062
"115" 33.0486853128593 100 100 344.305856455059 1 1063
"116" 41.0021429082882 38.5065650465708 38.85147744704 500 37.4116184270194 1064
"117" 36.4663375693781 100 100 462.903527081862 1 1067
"118" 34.7756067546016 100 100 268.238600896882 1 1068
"119" 32.3537469998549 100 100 432.458275215622 5.18033993504897 1069
"120" 31.5761246373626 92.4259213051825 93.5919645105158 500 30.274120734115 1070
"121" 33.8523746059538 100 100 385.101588128727 3.62356620291875 1071
"122" 33.6140469219005 74.6457721818938 83.6950729956677 500 64.1776550686102 1072
"123" 32.0149649975773 75.5340868280621 84.0010056422248 500 57.5086127955289 1075
"124" 35.4420531284177 57.5710771825628 58.2364952419589 500 59.1163354275988 1077
"125" 32.264839203426 77.1481199808138 88.9507113957059 500 38.4478748457047 1079
"126" 37.0039119708036 100 100 271.585835140297 1 1081
"127" 43.5389250154458 43.1348587865 45.3015453989806 500 69.3977435955938 1084
"128" 48.2455324347084 25.2639008474455 27.925737587488 500 42.9360413123671 1085
"129" 44.6103614551253 39.2466891537686 41.4423554565333 500 68.7719189506304 1086
"130" 30.9510049439098 100 100 368.908669034329 1 1087
"131" 32.3417971524076 100 100 425.784174011048 1 1088
"132" 35.8562266045362 100 100 308.336709221645 6.572005344997 1089
"133" 32.4155846342871 100 100 364.478556386016 1 1092
"134" 36.1144276092369 100 100 352.296846907048 1 1093
"135" 34.0537057448012 100 100 479.243809157099 1 1094
"136" 32.7811610192686 100 100 381.357877100886 1 1095
"137" 31.2631183654366 100 100 324.433844530947 3.72125301967568 1097
"138" 34.7197164500006 100 100 332.462242522667 1 1098
"139" 34.7207233127463 100 100 271.850917948638 1 1099
"140" 31.3803329490555 98.5260985474227 91.3961418415989 500 40.3046599328008 1100
"141" 34.0359608908416 75.6562148645572 86.4942280356469 500 64.1715449903156 1101
"142" 28.032454212137 98.761130105755 99.3626735031164 500 66.1436151282929 1102
"143" 51.3894397200882 13.4128520201016 11.774675077678 500 52.9736367310044 1103
"144" 42.6522869856988 44.5737546462703 47.4040725142578 500 40.5702551338895 1104
"145" 32.9390858800304 100 100 317.805788978154 1 1105
"146" 39.7606604034996 56.5494605498739 56.0907584398073 500 46.4510661556041 1107
"147" 35.6757066983541 61.9005436892808 55.4232515101136 500 78.1768230414035 1108
"148" 53.6160440508356 25.3630133343822 25.3328348486148 500 52.9079881157704 1109
"149" 37.3407913455371 58.71370421784 58.8745684236163 500 53.4681097092148 1111
"150" 27.2562633380208 100 100 346.007470778345 1 1113
"151" 35.4108443468218 100 100 321.304923605575 1.16653205454392 1114
"152" 26.4656751364751 100 89.1804714001381 500 28.2781814816265 1115
"153" 31.6927187924573 92.5670645763612 90.006250864804 500 32.1522485739244 1116
"154" 34.5042766057825 61.3568975573587 58.0558803029902 500 68.6933758996962 1117
"155" 41.2380170230179 35.0717586697072 34.8839893654427 500 69.7473312852337 1119
"156" 32.1111266853461 96.5391202256666 94.1087051790343 500 54.939359388725 1121
"157" 32.2389688066803 100 100 448.192165574182 1 1122
"158" 39.3236465522435 57.0419438980359 57.739604972412 500 59.5961626169704 1123
"159" 26.2192432305596 99.685515829031 91.4538121476227 500 31.4036067779602 1124
"160" 35.1333139450751 56.1691072938193 53.3899609562271 500 41.1442715989912 1125
"161" 33.5243256142261 100 100 473.729960002693 8.03716689935691 1126
"162" 25.6377483848472 79.8458637814771 96.1613533204485 500 62.9240331959692 1127
"163" 32.5840309095884 100 100 389.153730009506 1 1128
"164" 26.2647492221551 91.7682856062747 90.0423319268195 500 36.8132937506063 1129
"165" 35.4949817622642 82.7445592840516 92.6572955617079 500 63.2545491053056 1130
"166" 29.2592815461559 100 98.1941530195341 464.770648092744 21.1590646708127 1132
"167" 29.40110099112 100 100 339.245187133504 5.98850675121327 1133
"168" 34.4068303053398 57.9058773032771 56.2634557119251 500 56.2115690100768 1134
"169" 29.282788185978 92.4445569513495 92.0314652979354 500 51.0443802688323 1135
