"V1" "V2" "V3" "V4" "V5" "V6" "V7"
"1" 63.3633255774196 79.1602500799631 34.9250793883782 348.082335605272 500 0.0439624979140505 3
"2" 166.955870653985 14.5969423330196 7.56589313251518 40.6342009356637 1 0.698055981864702 6
"3" 125.940290716576 95.7984876537361 25.9183794904942 320.56756825312 92.4098423094095 0.715676476845315 8
"4" 115.003100229147 100 26.1554965812616 115.221274153884 238.228238345143 0.681583715782975 9
"5" 135.241050647202 100 27.3380849196667 106.334505654932 102.813268063018 0.528726819240741 13
"6" 140.599943124175 98.529420404804 13.8331601009239 101.939322398655 164.740682394756 0.72640388213772 14
"7" 162.415867797667 25.8027552313279 31.380181436272 317.795619339527 254.618433753788 0.492654177281922 16
"8" 116.537267525732 100 19.2566451288857 254.030352706842 270.431973100537 0.770173439579381 17
"9" 87.1590511130223 100 18.5582058087255 330.976229292742 206.353124631065 0.109629424522964 23
"10" 125.9270985197 100 15.0996010961212 500 70.828876319128 0.707212708040602 27
"11" 116.082064977275 100 3.05830852134936 255.710653951163 274.986299591569 0.223398691019702 28
"12" 92.0101223727077 100 91.5294356534275 194.173102294062 39.6375694390793 0.604100038904005 29
"13" 154.752115649434 100 6.61588492357617 297.934960468645 39.5914582544747 0.618971630173912 30
"14" 184.797727622891 33.5258287182262 5.965846246597 162.666654609975 127.627096567625 0.653870255624202 32
"15" 111.869662306127 100 91.9085580305247 62.694382612623 455.301116041661 0.70072310039074 33
"16" 164.841422325412 53.1233479917533 10.727046205818 174.082122112322 109.528959189532 0.358019166789076 34
"17" 176.271046942607 12.6571092504254 15.518412603326 231.364970402035 23.1614712597581 0.667433404181396 36
"18" 125.664714621126 100 6.77771000813796 76.6609405669181 500 0.384977974548322 37
"19" 206.218918289573 20.4029444531666 7.37871452943068 154.581043099203 87.414092418374 0.566435301510154 39
"20" 69.6667617353356 100 100 40.161760955201 47.8162745972212 0.01 40
"21" 109.554129053104 100 44.1905893793608 83.3180414253623 334.512119245227 0.478935101858544 43
"22" 60.7992288922973 100 100 24.8560932799643 6.66896926348591 0.01 44
"23" 150.53662232213 63.1683018500958 58.6523644113021 332.087445211674 359.003477069394 0.511456711832089 47
"24" 147.126438696041 28.4547263009957 3.28564903427682 163.776505739944 62.8511785590634 0.801868091465628 48
"25" 185.794139012486 42.7632019231813 5.38504355299979 345.892602541374 115.584522314919 0.508482596531459 51
"26" 192.907337108834 11.1626713175328 1.71936862262105 85.3510724324584 17.0750432651917 0.640798052881497 54
"27" 122.497715945157 100 14.3282588664784 32.8500611702918 208.733433821633 0.641855036241482 55
"28" 188.256022791237 33.4157462336531 15.534363586349 264.735501475746 29.1947146793708 0.550404313848596 56
"29" 111.94921390762 100 53.3228048196369 441.504095808673 500 0.652892801970367 58
"30" 210.258217568059 24.2489278766243 5.88528149001854 112.707917959336 86.4518202651487 0.416638504681756 60
"31" 116.789092000261 100 28.8590331294958 110.546276491382 152.78318870093 0.498134191247808 61
"32" 103.720670924001 11.5807899396906 26.4389681685763 500 278.86342733944 0.780428857914923 62
"33" 127.682730383335 58.5929649531013 31.1600779833569 341.992083678395 216.739488365406 0.795311743649569 63
"34" 120.205401957751 23.0156028680424 33.7239003794222 500 450.830661966921 0.768115026366368 64
"35" 135.964968793822 100 27.8915617469974 123.779864826479 209.616688194092 0.734207086543402 65
"36" 102.131335187324 100 46.2808295323606 202.423950866553 357.633546619934 0.719935319073565 66
"37" 177.97430195553 21.7398129814415 1.95980187284145 64.3974338226293 20.710678121814 0.558178340832208 67
"38" 113.385829677352 100 12.1130064721475 500 482.761340302533 0.465668504718454 68
"39" 109.000610665125 100 7.2179335741699 333.755345219615 500 0.717687430913091 70
"40" 216.32256670182 5.8130182725023 0.858070024056803 95.5353260276549 20.3848485712832 0.564309560411379 71
"41" 46.3234282530255 29.3310260240913 94.5334355605488 500 500 0.01 73
"42" 150.311033186862 8.44207343820019 30.8237361034559 500 8.61164989281624 0.616644089739389 76
"43" 130.255078663871 31.6009372475409 7.60013965600852 500 421.47320192832 0.629354090596924 79
"44" 202.129177421225 16.1427477720952 1.7692459295554 104.292590286061 19.0822922652346 0.672319614538459 80
"45" 106.054830972874 100 7.24001451857857 335.714016516749 331.563597891732 0.249076675275446 83
"46" 123.840383918174 100 20.4579603958557 329.276853733262 135.203207633005 0.560642686522904 86
"47" 196.486751725955 5.36936347500556 4.61818227378232 48.8073232252347 28.3418340094124 0.690962379895584 87
"48" 142.940437940167 100 5.42441557459781 82.8873198889706 9.06125583994798 0.666873792611273 88
"49" 198.285960052018 11.5499853162251 2.31222974106017 198.626168210263 41.4058098682793 0.414065826228983 90
"50" 71.883939881018 100 29.4331325581866 500 459.797565487257 0.138779812637835 91
"51" 108.490391413342 100 15.033794374911 141.524291768668 231.777172491066 0.392328969268381 93
"52" 133.452377139925 100 13.6559162940853 270.947602233068 45.9538395567894 0.493838063545903 95
"53" 174.718518548442 100 4.80567779948899 38.5209497652743 194.175543991751 0.64055039814787 96
"54" 69.4181022679509 100 47.0191855996126 486.636384459365 298.788684403999 0.138779996824143 97
"55" 135.275000303735 22.0429051597774 13.2448261532892 160.037503378472 1 0.79687480846259 98
"56" 191.88001969119 30.1091128142377 6.90805549103536 91.6157238046951 1 0.614081975260127 100
"57" 148.481367423843 100 20.1181306010059 280.321145992536 115.092289086137 0.468028228977293 104
"58" 143.9262735646 100 14.2821942091287 250.356353997231 68.7772605896221 0.481592143331436 107
"59" 124.990202655901 58.6649206494442 76.4588164210361 216.300952361299 500 0.495210685419912 111
"60" 129.263544055249 59.4089932038752 22.8664457078497 436.879195058148 500 0.526767365905565 114
"61" 51.8459508282897 100 25.3806637315502 21.7469221430112 62.7431866248262 0.01 115
"62" 158.073753380955 38.3262583242747 8.73861531039162 207.307529435972 85.1890805978682 0.754384282820641 117
"63" 119.119846107381 100 28.5082195332257 168.147184393288 51.7686462242409 0.323672991837667 118
"64" 174.890188293787 35.8910316312921 3.67942001589412 96.0271821076181 23.8361671792539 0.701914149635892 120
"65" 122.468784988891 61.6007038923247 41.4769678927701 182.880295487231 500 0.739867426865741 124
"66" 96.5671562345203 100 71.1501077285626 255.622254737519 170.291807474964 0.43084267268386 128
"67" 141.853655226234 100 2.62115014447596 292.689151538163 366.16072225276 0.412354319602435 130
"68" 129.065464002959 100 24.653414710956 343.005801884212 169.040200117408 0.708413893185496 131
"69" 90.7078368550655 100 14.2259095776935 355.667214813643 23.3655240549536 0.61044278235381 1001
"70" 48.9307088940505 100 85.7848094292135 188.962651720554 299.676458902966 0.055126410044937 1002
"71" 51.0815490856474 66.89495726667 40.4323025674091 90.2727956040093 500 0.11988815776662 1003
"72" 83.2334552506266 100 41.6215449593009 95.24512297221 286.041792678463 0.429422927333961 1005
"73" 107.322495276929 32.4184291690096 31.8791118472825 402.672877547601 104.864229962401 0.492820121717385 1006
"74" 111.151970915847 36.7050464482461 1.70252206637149 131.902399285112 1 0.802427486487524 1007
"75" 87.8191596636391 100 7.39721814492718 446.596433340053 65.2220923403811 0.599555531597515 1009
"76" 54.0231545481136 100 11.6558294664218 33.9069706777218 322.285885175148 0.871783425955737 1010
"77" 66.8866541022876 100 22.3282743210608 450.063046548597 500 0.308967500952632 1012
"78" 58.3210007846242 58.1603275311984 66.2771556937449 74.6898660195651 500 0.769691213131548 1013
"79" 79.5224056439919 100 9.93505374137968 478.499077627726 177.858851673494 0.371215629503535 1014
"80" 75.2539818343363 98.3110256510983 42.7688040240116 500 155.590337825792 0.346687211523305 1015
"81" 77.552284458636 100 31.7542999493256 88.0631618673991 297.024370874147 0.286743436218958 1017
"82" 67.4385348641384 53.6382175582324 35.8323333416915 279.376761166998 500 0.235319369191577 1018
"83" 62.8383720710706 100 42.7764983290375 500 261.396893554129 0.370597542057658 1019
"84" 126.662830298076 82.6003890974745 1.94294330962297 25.5040032934324 326.313663715289 0.165106005871137 1020
"85" 72.3841934970176 100 22.5056920753435 280.418951657723 201.246645448845 0.320133192528306 1023
"86" 70.3062283870377 100 30.6246136508119 167.978374065249 146.989542683957 0.682116866784208 1024
"87" 47.1210267069829 100 20.9332659587379 155.636852644049 462.183608290895 0.01 1025
"88" 82.4632431028494 58.8045679148048 20.1977838291057 500 465.44812965554 0.535930129116811 1026
"89" 78.1762251369025 100 37.984670459841 57.3952149111918 19.4935607396976 0.0457568334392958 1027
"90" 61.6011328265299 100 17.5425377611438 360.914763459826 244.765939675647 0.147920340731125 1030
"91" 125.957350025742 37.2894988104817 14.7443748751246 93.3089182590183 121.260387038467 0.592317608294296 1033
"92" 86.9359342762782 61.9303217596434 23.8309042092184 500 177.9216772207 0.569868741529072 1035
"93" 129.794956886964 23.5827593877613 12.6259612979136 84.0738119914877 100.545460566767 0.566937494171571 1036
"94" 95.4260211054058 24.8764833694635 11.4062888507821 209.679843872889 1 0.786701522374724 1038
"95" 86.4738626046573 47.6883730635838 40.3351436574501 110.555051510396 500 0.615518373995736 1040
"96" 78.2047397697799 100 52.5543110607191 103.946635121322 90.7585540054277 0.520050318254228 1042
"97" 120.481902843597 94.6482914104222 4.45079747997012 114.640694118023 125.493860101524 0.590910114564238 1043
"98" 137.063128112569 23.3323265972318 10.9823738922617 203.596212653867 88.1223176898549 0.483212689299208 1044
"99" 130.949285140279 57.6391078690152 6.83893739651747 132.375296340134 217.916088730396 0.568873624940886 1045
"100" 60.0784679079918 44.5382165111366 14.8023028898228 500 500 0.18140557121665 1047
"101" 81.1421295981396 76.1415550777713 100 108.593651642762 370.804627364916 0.648375087970943 1048
"102" 70.166699933393 100 18.6499305042148 193.715031014778 89.4621104975603 0.20885317230844 1049
"103" 99.9095031983141 91.3923838306739 11.0106734232774 116.972190546687 114.48626158056 0.73416078456599 1050
"104" 81.0719144276185 100 36.0149534151299 500 81.3872575873011 0.667414287773871 1051
"105" 64.8762414141581 100 41.2994581452363 85.2590260051433 169.509963457718 0.199149821810666 1052
"106" 121.019084133958 11.3849098865134 7.28946892364587 111.675084471881 16.9202659434261 0.746880466842232 1053
"107" 45.6989822279034 100 100 11.5721388720538 17.575123112898 0.309585697645576 1054
"108" 63.6273177450863 14.7034263898695 21.9500837530601 500 363.156476169543 0.148797459535072 1056
"109" 84.6189936085474 55.9421589553686 45.9833472888683 213.241441229324 500 0.557415529675945 1057
"110" 74.1557307128718 100 25.9139422517439 40.9140757897632 251.805569907982 0.743138041882688 1058
"111" 72.4194972697178 100 30.9878822509245 67.0782748043461 197.66653259441 0.386685241561459 1059
"112" 118.635951185365 100 5.30979769150585 79.7660353238405 46.9476282451945 0.607261803679571 1060
"113" 68.6733422168225 60.3234882813071 3.59573958055796 500 500 0.288240699841938 1061
"114" 98.4226661012898 89.1853613679023 40.8470554751945 500 29.5343718235782 0.687606377265829 1062
"115" 79.4111289532376 51.1874082043627 44.7533977398904 500 500 0.550073870918033 1063
"116" 49.7610645253068 100 39.3193575269059 76.336064825639 35.3960457076918 0.01 1064
"117" 107.260904698493 95.8551274593184 13.5873831196008 212.735217243964 63.2718384716706 0.737839968200247 1067
"118" 58.4898383329899 100 12.7798588482448 245.026339237114 207.546723859474 0.0596885734430001 1068
"119" 74.3601319528466 25.3830340262073 96.2626078768325 500 367.934700497766 0.554717101356795 1069
"120" 109.853360136947 26.8746876216756 18.9360339732331 224.106551517551 91.5497567802404 0.335655457405451 1070
"121" 72.8614840538263 100 6.51668103836497 160.147936259318 337.123949098063 0.149596728077814 1071
"122" 78.3361502157466 79.5749824646597 17.3575308604565 321.408755606073 263.437393759272 0.827129048198497 1072
"123" 53.1312842973894 100 92.3295965587186 55.0430602815705 25.4506403693696 0.01 1075
"124" 98.0339055802628 11.627017928534 10.8806292238295 365.758804110583 500 0.709190396508229 1077
"125" 65.056701727471 100 27.780538699986 30.6634797985155 268.035590662751 0.2303399899211 1079
"126" 84.0026768064419 95.8247045212318 35.9596286301473 500 500 0.588055794052079 1081
"127" 83.6650102574734 71.8487121560205 33.6494544663898 500 141.806153011851 0.735750085682615 1084
"128" 57.8511853506116 100 53.6562950884683 122.341616413608 38.288420552166 0.815150166892512 1085
"129" 144.325001447197 9.15835707717368 4.77941709100704 111.093345043866 3.2823766152153 0.546377622726989 1086
"130" 62.6584686150508 100 71.410842001157 352.235278714501 16.4279873403993 0.362189616462681 1087
"131" 69.4521748304225 100 17.3885811874409 303.908828932507 101.016982260854 0.799606522839356 1088
"132" 91.6254620287521 100 23.5141359120336 140.282146028812 500 0.687995503120789 1089
"133" 78.4760818947715 100 40.3084637193218 423.118734226817 135.924737494339 0.464628941881975 1092
"134" 81.4009147371527 100 28.839537355474 500 48.3270112831896 0.471690220141661 1093
"135" 86.4009897302649 37.234236511119 39.4140382839074 361.796035137334 500 0.74499099471461 1094
"136" 72.9523963036272 14.2194488208873 39.6008989150685 500 25.5177080542896 0.153455183518832 1095
"137" 144.423397815837 7.53117662994903 3.57683684718031 61.0188990866148 54.6804008495352 0.608942558304775 1097
"138" 95.3440598293819 100 14.4415238346641 459.650792518732 277.642555910181 0.659881423608344 1098
"139" 127.075912363882 14.7194639722837 19.7462289324552 156.207680183504 1 0.329039709945957 1099
"140" 103.845424784361 9.32968770063444 12.314111216197 212.06395737156 70.5745726663766 0.740350197748826 1100
"141" 45.5858663423245 33.1917986687864 61.6946143119022 91.325718695482 500 0.01 1101
"142" 79.4203394203725 100 52.446385617649 162.098494033394 167.573770559125 0.74283906240048 1102
"143" 49.2778367994847 100 33.5730476879654 9.14844380271718 103.952699529468 0.714441423555682 1103
"144" 111.745020308343 34.6780287679944 6.69866251774357 252.804029188218 152.834201004922 0.478251071760806 1104
"145" 82.9038772861028 100 16.5132686680627 319.166434666908 78.0968014798099 0.7092038522083 1105
"146" 137.377276259132 31.7895354043427 4.51505267261347 186.266670837724 48.3833391438904 0.488283663596251 1107
"147" 69.6417932997933 100 76.9552625408309 85.4485364156495 465.840251268765 0.534497129773967 1108
"148" 117.210195018498 64.0233118703836 4.14691820972774 78.2190205551982 88.9003620481399 0.711285580879138 1109
"149" 75.5291988980617 100 15.0127270783172 261.418905031703 173.797974487081 0.678078707156597 1111
"150" 68.0896174493937 92.9438378754115 5.54859400065594 73.905314751058 500 0.739852390122703 1113
"151" 72.5618394664822 100 31.6223316580657 162.777324273357 148.174491833738 0.346122910820012 1114
"152" 104.482484700139 13.3859100708554 6.30277762767312 118.377350786008 122.386107351138 0.745279575353949 1115
"153" 82.1304405410019 100 13.1189246422067 299.550034416893 304.89237871365 0.71333485856378 1116
"154" 57.5838497049695 21.0048885951864 50.035161427793 500 500 0.426161367970914 1117
"155" 92.8152180962406 100 11.8421144782122 334.020855105296 7.05085196885087 0.453337535104878 1119
"156" 106.242793503013 10.0047409389797 8.90518548213927 57.7191129099332 1 0.748229765620511 1121
"157" 124.831041941362 20.7198991111458 9.69440139195672 167.428607705273 91.6728848196006 0.522083555088911 1122
"158" 81.3506816669266 38.3762165505035 14.0303345121698 500 201.429934687386 0.345381740351979 1123
"159" 91.0733885711945 100 3.87761153817119 248.069331944676 175.276156506903 0.589886700913395 1124
"160" 86.074550266828 100 15.5254205091376 215.640730765787 258.255186091515 0.670762559566181 1125
"161" 79.8106048094928 100 18.4312108941728 68.8896028438386 193.492822535178 0.757112525802502 1126
"162" 65.214109466533 52.8431471407549 43.8664386855889 500 275.834520852167 0.361659314809947 1127
"163" 94.9265040727024 58.5786181804551 14.8198455741241 108.756527709544 1 0.755628722797998 1128
"164" 33.9440184685964 100 39.377844396482 246.223216667962 185.255627800652 0.01 1129
"165" 95.678230093619 100 1.05694190533999 28.396035117594 47.1065022227004 0.798917586562387 1130
"166" 59.211300498881 100 23.4811001062865 276.653563994468 371.158381279 0.218482830433228 1132
"167" 84.6456423120694 100 23.5046733165565 426.607599791874 1 0.66456304904798 1133
"168" 74.1874691661334 35.9854843363619 8.98789982108804 500 500 0.600242698332975 1134
"169" 104.0928210795 100 2.10958069181342 22.2704986736751 163.289151956141 0.517725153345996 1135
