"V1" "V2" "V3" "V4" "V5" "V6" "V7"
"1" 193.435876519197 22.6260314325372 5.5302147176276 34.1422317975996 130.623598941137 0.01 3
"2" 162.278744967835 46.7388847514972 14.330380506238 30.2289712628015 77.5156066900017 0.183423500909481 6
"3" 158.78113815943 33.1445748857116 4.62970556968961 11.1030077186327 90.615551495679 0.538031981669453 8
"4" 186.37486006698 18.252196322162 3.49980885748651 19.5132716605177 84.6548190475388 0.534821262409447 9
"5" 181.800855717241 40.1746461119594 4.76056999172012 84.9795205473141 106.765032586188 0.01 13
"6" 128.398048015672 100 22.2329974963632 393.270144331039 188.632177874311 0.0542688530196722 14
"7" 159.250523003003 37.5594820568191 9.45572091341975 141.100798240302 130.265183603434 0.01 16
"8" 169.85370126026 60.512777347179 4.54690340824435 61.6862130596945 1 0.326164874500273 17
"9" 126.392372184583 100 8.00349764375329 424.887156361845 28.3121537163379 0.01 23
"10" 189.981603958695 12.6550837345251 9.63442296921228 56.2228411024411 154.31441563071 0.0259530879348261 27
"11" 192.172140086749 13.3713112160038 5.19038322180994 27.2854263325916 117.396523488416 0.335896415852744 28
"12" 203.293854370823 20.4953133393553 3.39476900013025 68.5766809689743 5.75695378452951 0.196048631674303 29
"13" 205.673168316767 6.81234762795324 6.67769898069134 38.1004814355322 57.6765192909974 0.176385646919136 30
"14" 163.04174613709 60.1781765568751 9.0147863535908 27.6435736775665 200.620003465364 0.01 32
"15" 166.761404814031 66.7368420799863 8.69452955097791 46.5982863920358 79.8517325684949 0.01 33
"16" 234.101822710799 7.99406566535391 2.13882348572451 25.2419008495503 38.4272604443379 0.01 34
"17" 172.68432272435 21.3970028773082 8.2527903404536 51.1141985530879 16.4549746760476 0.582762395272193 36
"18" 168.914126191806 37.8321927905347 16.6499062784583 104.410529211507 148.182077194544 0.113961569637713 37
"19" 95.7412828317934 100 12.3021972202964 141.204202179918 489.810544746942 0.01 39
"20" 179.506325847128 19.3896283952339 6.81338642538275 109.132197878264 116.458605106104 0.01 40
"21" 153.223125537675 26.1382976617901 5.51791413708391 63.5425298055163 58.2464089342039 0.859382551080622 43
"22" 174.098655145348 12.1183582072875 3.93105638498035 48.0533014958255 119.273939454831 0.574031461463208 44
"23" 117.943202662359 100 9.29014824792994 187.93377312106 134.804655581497 0.01 47
"24" 205.668699864473 3.65265113955837 4.34659547224818 23.1634732755479 68.9297261557036 0.399779282909863 48
"25" 133.265853631235 84.9233344006219 14.6070978993803 283.394917871052 237.505220743076 0.01 51
"26" 206.039696388394 12.7931645448981 3.19640088726942 53.5344985367809 56.5091014800837 0.140777716850944 54
"27" 103.611426530264 87.5303933372639 32.361241544287 368.32238090993 478.076088075469 0.01 55
"28" 218.459185154752 18.3735995139575 3.75797337039227 26.3150900419103 53.729775343337 0.0557049170403894 56
"29" 184.222071439846 16.5187884286835 6.92246041268551 75.5755840628705 164.257765836117 0.01 58
"30" 224.892567415549 17.4433103167306 2.6747225057918 23.9215919530881 35.7269746321704 0.251366173566845 60
"31" 201.321668110767 23.2660575535013 3.1601104794145 35.0834823916407 92.5577915713896 0.01 61
"32" 121.01744301128 91.5449771035638 9.296869606328 28.6974496234086 81.966540717749 0.834689242240498 62
"33" 187.522063413913 48.6623780558593 5.07987351847834 78.5894651798811 62.4770843085118 0.0864163147775282 63
"34" 221.586773108493 12.3756228007915 2.2852078527176 83.6053468533997 45.3093774209155 0.01 64
"35" 205.218295341679 17.3903225741582 3.38125407304023 18.6122572399159 80.8485004161951 0.205883333004178 65
"36" 141.958582922953 56.1498337670441 16.7744021048717 166.099210305223 202.42430929963 0.01 66
"37" 112.789976985465 45.2494526658182 16.2984847084224 1 192.81383402504 0.337468265080986 67
"38" 144.882302833528 42.5081291167503 17.2140346470803 166.53769498887 219.131904342033 0.01 68
"39" 196.468717316313 19.3672204055619 7.76210434734341 39.0336672488492 50.5552480319676 0.01 70
"40" 166.135358049937 14.6347357747885 14.3800070447417 22.472020593498 162.696833180157 0.142098619000048 71
"41" 195.781998173077 27.8636343176869 4.47973362732354 65.3533726123738 73.4826358279775 0.01 73
"42" 164.99497351984 51.8763531445873 7.83155615993985 65.5068254497559 120.868933469621 0.364261389745886 76
"43" 97.8465278901326 66.5807261158355 17.0250230577849 297.925117840354 500 0.01 79
"44" 144.484848782579 48.823265138114 13.2087598683004 238.509751478662 131.432086272673 0.01 80
"45" 154.534460828371 53.038015661102 11.0747831307949 211.838160306009 71.5510036125683 0.01 83
"46" 128.65500746263 100 4.01340414430206 62.7162781758742 1 0.740116427219491 86
"47" 201.460072376477 28.3237235037221 3.68646318867166 55.6997254564949 69.7572758383602 0.0702679911030097 87
"48" 160.178281313782 28.8012358518429 4.50681704585583 50.9756380752026 33.6232914270668 0.769581118804468 88
"49" 173.859330150055 21.1190839772834 5.79888401750848 16.8727514538441 87.8097361097407 0.441960206962327 90
"50" 163.019353176673 29.9871304387343 16.4881712431798 72.9764733700968 170.7880163024 0.106615442770506 91
"51" 195.21927873867 9.75601119922004 1.78240296421194 44.4385004365693 79.1815615955798 0.01 93
"52" 224.396517261651 8.24829679333971 3.26646085906002 39.7150931162458 64.7257460572719 0.01 95
"53" 187.941828278284 22.1246347066359 4.51565724578231 80.9467137280114 119.420061902394 0.01 96
"54" 232.134026775465 6.81744691906459 4.03003355379985 18.2612029740473 85.3052506955019 0.120667807408486 97
"55" 173.643296626068 29.6788898059764 5.64818686265231 160.447895250719 114.13999703614 0.01 98
"56" 197.424982928904 16.4756176023268 5.37892619112273 49.1889601659896 154.830600328167 0.01 100
"57" 194.20103124839 21.8236291646806 4.43221197445177 78.4512496726577 71.4639767564582 0.104846013864188 104
"58" 179.146181131891 41.7202343396869 8.3125650479835 68.2018528193717 36.1501110647623 0.415452865543807 107
"59" 148.708327574972 40.5131356175392 25.1544997021715 133.158096718922 84.5194298825648 0.01 111
"60" 92.7041373192622 100 31.9360455618429 35.3937781277127 131.087552664051 0.99 114
"61" 116.846731560887 20.7023198722336 2.21812726310517 20.3773688576644 1 0.01 115
"62" 156.139419432552 47.4342150436474 11.4441740175824 124.767321936854 214.235341937386 0.01 117
"63" 145.87957293301 38.7409865730304 11.4501352227922 183.122479945057 250.305307204493 0.01 118
"64" 199.313252520271 11.646527071012 4.53428314516451 24.2883351783708 70.4799786346365 0.569932632600672 120
"65" 162.520298636894 77.9262315556359 4.04959323508985 1 65.5821787637588 0.538666813211753 124
"66" 103.782125406911 100 11.1045606821279 137.945730469838 157.347197431271 0.93648815213776 128
"67" 190.103634917976 25.8547570246845 6.09308961549065 30.8841614784511 156.791190163986 0.0310977465803328 130
"68" 208.720018936736 12.5810575951597 4.77681771557559 48.1591902367245 78.6800566802341 0.309758325913629 131
